-2.030932871012566920e+01 1.172228995598720384e-06
-2.010593962830229131e+01 2.051400742297760778e-06
-1.990255054647891342e+01 3.516686986796161153e-06
-1.969916146465553908e+01 3.809744235695841143e-06
-1.949577238283216474e+01 4.688915982394881537e-06
-1.929238330100878329e+01 1.435980519608432545e-05
-1.908899421918540895e+01 1.787649218288048702e-05
-1.888560513736203461e+01 2.490986615647280679e-05
-1.868221605553865672e+01 2.578903790317184930e-05
-1.847882697371527883e+01 2.578903790317184930e-05
-1.827543789189190448e+01 3.106406838336608743e-05
-1.807204881006853014e+01 3.311546912566384990e-05
-1.786865972824514870e+01 4.161412934375457046e-05
-1.766527064642177436e+01 4.688915982394881876e-05
-1.746188156459840002e+01 4.161412934375457046e-05
-1.725849248277501857e+01 4.952667506404593613e-05
-1.705510340095164423e+01 5.949062152663505749e-05
-1.685171431912826989e+01 5.831839253103634092e-05
-1.664832523730489200e+01 6.124896502003314251e-05
-1.644493615548151411e+01 6.564482375352834491e-05
-1.624154707365813977e+01 7.531571296721778204e-05
-1.603815799183476543e+01 7.824628545621458364e-05
-1.583476891001138576e+01 9.934640737699154971e-05
-1.563137982818800964e+01 1.233771017867653309e-04
-1.542799074636463352e+01 1.295313040136585980e-04
-1.522460166454125741e+01 1.350993917427525373e-04
-1.502121258271787951e+01 1.462355672009403617e-04
-1.481782350089450517e+01 1.772996355843064694e-04
-1.461443441907112728e+01 1.913663835314910954e-04
-1.441104533724775116e+01 2.098289902121709509e-04
-1.420765625542437505e+01 2.326874556263460088e-04
-1.400426717360099715e+01 2.505639478092264822e-04
-1.380087809177762281e+01 2.886613901661849030e-04
-1.359748900995424492e+01 3.434630957104250603e-04
-1.339409992813086880e+01 3.988509157524645996e-04
-1.319071084630749269e+01 4.595137662746984143e-04
-1.298732176448411479e+01 5.283822197661232518e-04
-1.278393268266074045e+01 6.327106003744093453e-04
-1.258054360083736256e+01 7.288333780135044159e-04
-1.237715451901398644e+01 7.991671177494276542e-04
-1.217376543719061033e+01 9.105288723313060065e-04
-1.197037635536723243e+01 1.033612916869171673e-03
-1.176698727354385809e+01 1.125339835774771596e-03
-1.156359819172048020e+01 1.281832406687200736e-03
-1.136020910989710586e+01 1.435394405110633183e-03
-1.115682002807372797e+01 1.657531799776590722e-03
-1.095343094625035008e+01 1.827211946889505416e-03
-1.075004186442697574e+01 2.135508172731968857e-03
-1.054665278260359784e+01 2.397208295999383055e-03
-1.034326370078022350e+01 2.777010490573368715e-03
-1.013987461895684561e+01 3.165311345365444656e-03
-9.936485537133467716e+00 3.661164210503703616e-03
-9.733096455310093376e+00 4.241710620573969914e-03
-9.529707373486715483e+00 4.993109406752749453e-03
-9.326318291663341142e+00 5.601496255468484987e-03
-9.122929209839963249e+00 6.533711364218367477e-03
-8.919540128016587133e+00 7.450394438776567103e-03
-8.716151046193211016e+00 8.555513324377260129e-03
-8.512761964369833123e+00 9.920867047000870090e-03
-8.309372882546458783e+00 1.146176206171538835e-02
-8.105983800723080890e+00 1.303811700354676716e-02
-7.902594718899704773e+00 1.492364734296730902e-02
-7.699205637076327768e+00 1.745566197346054560e-02
-7.495816555252951652e+00 2.028835334132485235e-02
-7.292427473429575535e+00 2.346685226289078191e-02
-7.089038391606199419e+00 2.712362061466099331e-02
-6.885649309782822414e+00 3.159332977487891436e-02
-6.682260227959445409e+00 3.662072687975292257e-02
-6.478871146136069292e+00 4.288892837646818279e-02
-6.275482064312693176e+00 5.040379541000267888e-02
-6.072092982489317059e+00 5.819237791400947574e-02
-5.868703900665940054e+00 6.646421182145184625e-02
-5.665314818842563049e+00 7.506778653464865614e-02
-5.461925737019186933e+00 8.432605114188734818e-02
-5.258536655195810816e+00 9.532009383435885441e-02
-5.055147573372434699e+00 1.073301660087655346e-01
-4.851758491549058583e+00 1.203905553632286796e-01
-4.648369409725681578e+00 1.345777498397111027e-01
-4.444980327902304573e+00 1.498085211795252558e-01
-4.241591246078927568e+00 1.656309751048679058e-01
-4.038202164255551452e+00 1.814704263506466964e-01
-3.834813082432175335e+00 1.969772576189243729e-01
-3.631424000608799219e+00 2.114803678097206541e-01
-3.428034918785423102e+00 2.249733096635597174e-01
-3.224645836962046985e+00 2.375756505379926498e-01
-3.021256755138670869e+00 2.498339422022173850e-01
-2.817867673315292976e+00 2.594810937787459526e-01
-2.614478591491916859e+00 2.662659552052713541e-01
-2.411089509668540742e+00 2.677942487582831710e-01
-2.207700427845164626e+00 2.641316192615349445e-01
-2.004311346021788509e+00 2.524512364921404073e-01
-1.800922264198410616e+00 2.327000570880486952e-01
-1.597533182375034500e+00 2.044513896948618181e-01
-1.394144100551658383e+00 1.697698226310780656e-01
-1.190755018728282266e+00 1.270962913325511534e-01
-9.873659369049061496e-01 8.270573761272101421e-02
-7.839768550815282566e-01 4.363681047566016907e-02
-5.805877732581521400e-01 1.649560642606519301e-02
-3.771986914347760234e-01 3.477124258194704172e-03
-1.738096096114007671e-01 1.981067002561837445e-04
