-1.033831764392893149e+02 5.746408743609445185e-08
-1.023459260898136307e+02 0.000000000000000000e+00
-1.013086757403379465e+02 5.746408743609445185e-08
-1.002714253908622482e+02 0.000000000000000000e+00
-9.923417504138654976e+01 5.746408743609445185e-08
-9.819692469191086559e+01 0.000000000000000000e+00
-9.715967434243518142e+01 0.000000000000000000e+00
-9.612242399295948303e+01 0.000000000000000000e+00
-9.508517364348378464e+01 0.000000000000000000e+00
-9.404792329400810047e+01 5.746408743609445185e-08
-9.301067294453241630e+01 1.149281748721889037e-07
-9.197342259505671791e+01 5.746408743609445185e-08
-9.093617224558101952e+01 0.000000000000000000e+00
-8.989892189610534956e+01 5.746408743609445185e-08
-8.886167154662965117e+01 0.000000000000000000e+00
-8.782442119715395279e+01 5.746408743609445185e-08
-8.678717084767825440e+01 2.298563497443778074e-07
-8.574992049820258444e+01 5.746408743609445185e-08
-8.471267014872688605e+01 2.298563497443778074e-07
-8.367541979925118767e+01 5.746408743609445185e-08
-8.263816944977548928e+01 1.723922623082833555e-07
-8.160091910029981932e+01 2.298563497443778074e-07
-8.056366875082412093e+01 3.447845246165667111e-07
-7.952641840134842255e+01 4.597126994887556148e-07
-7.848916805187273837e+01 2.873204371804722328e-07
-7.745191770239705420e+01 3.447845246165667111e-07
-7.641466735292135581e+01 4.597126994887556148e-07
-7.537741700344565743e+01 6.321049617970389968e-07
-7.434016665396998746e+01 2.298563497443778074e-07
-7.330291630449428908e+01 5.746408743609444656e-07
-7.226566595501859069e+01 5.746408743609444656e-07
-7.122841560554289231e+01 1.551530360774550121e-06
-7.019116525606722234e+01 8.619613115414168042e-07
-6.915391490659152396e+01 1.494066273338455695e-06
-6.811666455711582557e+01 1.149281748721888931e-06
-6.707941420764012719e+01 1.608994448210644546e-06
-6.604216385816445722e+01 1.206745836157983568e-06
-6.500491350868875884e+01 2.988132546676911390e-06
-6.396766315921306045e+01 2.758276196932533689e-06
-6.293041280973737628e+01 2.758276196932533689e-06
-6.189316246026168500e+01 3.965022033090517257e-06
-6.085591211078599372e+01 4.999375606940217337e-06
-5.981866176131030954e+01 4.367270645143178023e-06
-5.878141141183461116e+01 6.493441880278672821e-06
-5.774416106235892698e+01 6.493441880278672821e-06
-5.670691071288322860e+01 8.447220853105884554e-06
-5.566966036340754442e+01 9.711430776699961489e-06
-5.463241001393184604e+01 1.344659646004610104e-05
-5.359515966445616186e+01 1.430855777158751891e-05
-5.255790931498046348e+01 1.856090024185850850e-05
-5.152065896550477930e+01 2.034228695237743717e-05
-5.048340861602908092e+01 2.522673438444546269e-05
-4.944615826655339674e+01 3.154778400241585245e-05
-4.840890791707769836e+01 3.919050763141641717e-05
-4.737165756760201418e+01 4.355777827655959604e-05
-4.633440721812632290e+01 5.430356262710925422e-05
-4.529715686865063162e+01 6.775015908715536204e-05
-4.425990651917494745e+01 7.907058431206596320e-05
-4.322265616969924906e+01 1.037801419095865792e-04
-4.218540582022356489e+01 1.257888873976107660e-04
-4.114815547074786650e+01 1.507857654323118400e-04
-4.011090512127218233e+01 1.905509139380892137e-04
-3.907365477179648394e+01 2.335915154277239461e-04
-3.803640442232079266e+01 2.884122548417580368e-04
-3.699915407284510849e+01 3.436927069552809253e-04
-3.596190372336941721e+01 4.267857773878734758e-04
-3.492465337389372593e+01 5.226933393187151253e-04
-3.388740302441803465e+01 6.308407518734449309e-04
-3.285015267494234337e+01 7.759375726495833323e-04
-3.181290232546665209e+01 9.638451385656122842e-04
-3.077565197599096081e+01 1.166233654515536847e-03
-2.973840162651526953e+01 1.461024423062701411e-03
-2.870115127703957825e+01 1.788971970060492531e-03
-2.766390092756388697e+01 2.202196222813447828e-03
-2.662665057808819569e+01 2.730693434963208429e-03
-2.558940022861250441e+01 3.368027628716931815e-03
-2.455214987913681313e+01 4.184592311183833908e-03
-2.351489952966112185e+01 5.147862808875085412e-03
-2.247764918018543057e+01 6.385984036773176449e-03
-2.144039883070973929e+01 7.869476918023390194e-03
-2.040314848123404801e+01 9.741599422603912026e-03
-1.936589813175836383e+01 1.203269258868099739e-02
-1.832864778228267255e+01 1.480182949813895268e-02
-1.729139743280698127e+01 1.819646299933879580e-02
-1.625414708333128999e+01 2.224337135702574714e-02
-1.521689673385559871e+01 2.724090811316801086e-02
-1.417964638437990743e+01 3.327561418344434502e-02
-1.314239603490421615e+01 4.018228031647597120e-02
-1.210514568542852487e+01 4.850095400598731371e-02
-1.106789533595283359e+01 5.779071330908121251e-02
-1.003064498647714231e+01 6.788157945512170166e-02
-8.993394637001451031e+00 7.799893654547024324e-02
-7.956144287525759751e+00 8.731558904148423172e-02
-6.918893938050068471e+00 9.379753810427568506e-02
-5.881643588574377191e+00 9.516765434101448484e-02
-4.844393239098685910e+00 8.835350538875497151e-02
-3.807142889623001736e+00 7.069892873393854305e-02
-2.769892540147310456e+00 4.227219171243928875e-02
-1.732642190671619176e+00 1.398566706428410432e-02
-6.953918411959314483e-01 1.074061258268041354e-03
