-4.152012336482998478e+01 2.861912060477506662e-07
-4.110358614414791134e+01 5.723824120955013324e-07
-4.068704892346583080e+01 4.292868090716260257e-07
-4.027051170278375736e+01 7.154780151193767449e-07
-3.985397448210168392e+01 4.292868090716260257e-07
-3.943743726141960337e+01 5.723824120955013324e-07
-3.902090004073752993e+01 1.001669221167127358e-06
-3.860436282005545650e+01 1.574051633262628796e-06
-3.818782559937338306e+01 1.717147236286504103e-06
-3.777128837869130962e+01 2.432625251405880848e-06
-3.735475115800922907e+01 1.574051633262628796e-06
-3.693821393732715563e+01 2.003338442334254716e-06
-3.652167671664507509e+01 7.154780151193767449e-07
-3.610513949596300165e+01 2.003338442334254716e-06
-3.568860227528092821e+01 1.430956030238753490e-06
-3.527206505459885477e+01 1.717147236286504103e-06
-3.485552783391678133e+01 2.575720854429756366e-06
-3.443899061323470079e+01 2.718816457453631461e-06
-3.402245339255262735e+01 1.430956030238753490e-06
-3.360591617187054680e+01 3.434294472573008206e-06
-3.318937895118847337e+01 3.005007663501382074e-06
-3.277284173050639993e+01 3.291198869549132688e-06
-3.235630450982432649e+01 3.863581281644634338e-06
-3.193976728914224950e+01 3.148103266525257593e-06
-3.152323006846017250e+01 2.861912060477506979e-06
-3.110669284777809906e+01 3.577390075596883724e-06
-3.069015562709602563e+01 3.863581281644634338e-06
-3.027361840641394508e+01 3.434294472573008206e-06
-2.985708118573187164e+01 5.580728517931138017e-06
-2.944054396504979820e+01 4.435963693740135564e-06
-2.902400674436771766e+01 7.011684548169891507e-06
-2.860746952368564422e+01 6.296206533050515185e-06
-2.819093230300357078e+01 7.440971357241517638e-06
-2.777439508232149734e+01 9.444309799575773202e-06
-2.735785786163941680e+01 1.159074384493390301e-05
-2.694132064095734336e+01 1.345098668424428263e-05
-2.652478342027526992e+01 1.473884711145916018e-05
-2.610824619959318937e+01 1.674218555379341659e-05
-2.569170897891111593e+01 1.817314158403216754e-05
-2.527517175822904250e+01 2.232291407172455207e-05
-2.485863453754696906e+01 2.590030414732143622e-05
-2.444209731686488851e+01 3.176722387130032527e-05
-2.402556009618281507e+01 3.377056231363458337e-05
-2.360902287550074163e+01 3.877890841947021508e-05
-2.319248565481866464e+01 4.464582814344910414e-05
-2.277594843413658765e+01 4.908179183718924224e-05
-2.235941121345451421e+01 5.494871156116813129e-05
-2.194287399277244077e+01 6.038634447607539168e-05
-2.152633677209036023e+01 6.954446306960341130e-05
-2.110979955140828679e+01 7.941805967825081656e-05
-2.069326233072621335e+01 9.387071558366222486e-05
-2.027672511004413636e+01 1.101836143283840196e-04
-1.986018788936205937e+01 1.432386986268992105e-04
-1.944365066867998593e+01 1.679942379500296392e-04
-1.902711344799791249e+01 2.179346034053621388e-04
-1.861057622731583194e+01 2.615787623276441477e-04
-1.819403900663375850e+01 3.308370341911997885e-04
-1.777750178595168506e+01 4.257094189960291424e-04
-1.736096456526960807e+01 5.131408324436170050e-04
-1.694442734458753108e+01 6.261863588324785264e-04
-1.652789012390545764e+01 7.790124628619774123e-04
-1.611135290322338420e+01 9.717622401351375073e-04
-1.569481568254130721e+01 1.199999726958218653e-03
-1.527827846185923200e+01 1.471165894688462395e-03
-1.486174124117715500e+01 1.803720076115948590e-03
-1.444520402049507979e+01 2.207965154658396434e-03
-1.402866679981300457e+01 2.710946199287318521e-03
-1.361212957913092936e+01 3.368041208372953878e-03
-1.319559235844885414e+01 4.139326508671641730e-03
-1.277905513776677893e+01 5.213545200571874198e-03
-1.236251791708470371e+01 6.444024290974178365e-03
-1.194598069640262850e+01 7.875552703625027240e-03
-1.152944347572055328e+01 9.590553505866173528e-03
-1.111290625503847629e+01 1.173641516881220731e-02
-1.069636903435640107e+01 1.426877805552572917e-02
-1.027983181367432586e+01 1.770407419731990367e-02
-9.863294592992248866e+00 2.151270676740337298e-02
-9.446757372310173650e+00 2.630326136543666843e-02
-9.030220151628100211e+00 3.166791552280175809e-02
-8.613682930946026772e+00 3.831885605574845977e-02
-8.197145710263949780e+00 4.605760936288266078e-02
-7.780608489581872789e+00 5.457666299330605347e-02
-7.364071268899799350e+00 6.482144959619738633e-02
-6.947534048217722358e+00 7.611941983734443751e-02
-6.530996827535645366e+00 8.869909739477634114e-02
-6.114459606853571927e+00 1.028546868283101851e-01
-5.697922386171498488e+00 1.186441418571706485e-01
-5.281385165489421496e+00 1.352629790011574684e-01
-4.864847944807344504e+00 1.515066194740157246e-01
-4.448310724125271065e+00 1.666374054421572715e-01
-4.031773503443194073e+00 1.812496129449402971e-01
-3.615236282761117081e+00 1.912228040932923145e-01
-3.198699062079043642e+00 1.944245682109515261e-01
-2.782161841396970203e+00 1.874519487624071445e-01
-2.365624620714893211e+00 1.657692444186114056e-01
-1.949087400032816220e+00 1.313636238187568805e-01
-1.532550179350742781e+00 8.400642018921138099e-02
-1.116012958668665789e+00 3.759278896600531245e-02
-6.994757379865887970e-01 9.079559107467913975e-03
-2.829385173045169122e-01 5.450511519179411816e-04
