-5.326182289665956660e+01 1.116065026024555270e-07
-5.272776221573577971e+01 1.116065026024555270e-07
-5.219370153481197860e+01 1.116065026024555270e-07
-5.165964085388819171e+01 0.000000000000000000e+00
-5.112558017296439061e+01 0.000000000000000000e+00
-5.059151949204060372e+01 3.348195078073665943e-07
-5.005745881111680262e+01 0.000000000000000000e+00
-4.952339813019301573e+01 2.232130052049110540e-07
-4.898933744926921463e+01 1.116065026024555270e-07
-4.845527676834542774e+01 1.116065026024555270e-07
-4.792121608742162664e+01 3.348195078073665943e-07
-4.738715540649783264e+01 2.232130052049110540e-07
-4.685309472557403865e+01 4.464260104098221081e-07
-4.631903404465023755e+01 5.580325130122776219e-07
-4.578497336372645066e+01 5.580325130122776219e-07
-4.525091268280264956e+01 3.348195078073665943e-07
-4.471685200187886267e+01 7.812455182171887553e-07
-4.418279132095506156e+01 1.116065026024555244e-06
-4.364873064003127467e+01 4.464260104098221081e-07
-4.311466995910747357e+01 7.812455182171887553e-07
-4.258060927818368668e+01 7.812455182171887553e-07
-4.204654859725988558e+01 1.227671528627010810e-06
-4.151248791633609869e+01 1.116065026024555244e-06
-4.097842723541229759e+01 2.343736554651566054e-06
-4.044436655448851070e+01 2.901769067663843888e-06
-3.991030587356470960e+01 3.459801580676121298e-06
-3.937624519264092271e+01 3.459801580676121298e-06
-3.884218451171712161e+01 3.348195078073666155e-06
-3.830812383079333472e+01 4.241047098893309841e-06
-3.777406314986953362e+01 5.022292617110498809e-06
-3.724000246894573962e+01 6.138357643135054476e-06
-3.670594178802194563e+01 8.928520208196441950e-06
-3.617188110709815163e+01 1.049101124463081988e-05
-3.563782042617435764e+01 1.395081282530694161e-05
-3.510375974525056364e+01 1.372759982010203047e-05
-3.456969906432676964e+01 1.462045184092167501e-05
-3.403563838340297565e+01 1.863828593461007541e-05
-3.350157770247918165e+01 2.511146308555249320e-05
-3.296751702155538055e+01 2.868287116883107133e-05
-3.243345634063159366e+01 3.281231176512192815e-05
-3.189939565970779611e+01 4.274529049674047104e-05
-3.136533497878400212e+01 4.464260104098221314e-05
-3.083127429786020812e+01 5.513361228561303472e-05
-3.029721361693641413e+01 6.897281860831751482e-05
-2.976315293601262013e+01 8.046828837637043396e-05
-2.922909225508882614e+01 8.705307202991531155e-05
-2.869503157416503214e+01 1.045752929385008296e-04
-2.816097089324123814e+01 1.271198064641968558e-04
-2.762691021231744060e+01 1.491062874768806033e-04
-2.709284953139364660e+01 1.828114512628221488e-04
-2.655878885046985260e+01 2.181907125878005576e-04
-2.602472816954605861e+01 2.510030243529224789e-04
-2.549066748862226461e+01 3.093732252140067259e-04
-2.495660680769847062e+01 3.517836962029398514e-04
-2.442254612677467662e+01 4.310243130506832615e-04
-2.388848544585088263e+01 5.193050566092256241e-04
-2.335442476492708863e+01 6.145054033291202098e-04
-2.282036408400329464e+01 7.224288913456946301e-04
-2.228630340307950064e+01 8.934100533326565143e-04
-2.175224272215570309e+01 1.039279752234065993e-03
-2.121818204123190910e+01 1.256466006298444325e-03
-2.068412136030811510e+01 1.505125294096715249e-03
-2.015006067938432111e+01 1.791395973272013643e-03
-1.961599999846052711e+01 2.172532179659399359e-03
-1.908193931753673311e+01 2.605900229264734337e-03
-1.854787863661293912e+01 3.112928570587689559e-03
-1.801381795568914512e+01 3.705559099406728705e-03
-1.747975727476535113e+01 4.441380771064718132e-03
-1.694569659384155713e+01 5.303317790663481836e-03
-1.641163591291776314e+01 6.371057201061174069e-03
-1.587757523199396914e+01 7.656540898036257210e-03
-1.534351455107017514e+01 9.117470017102400140e-03
-1.480945387014638115e+01 1.078364349445445902e-02
-1.427539318922258715e+01 1.285718070630548042e-02
-1.374133250829878961e+01 1.525928746181813046e-02
-1.320727182737499206e+01 1.809219531737625911e-02
-1.267321114645119806e+01 2.140858254220822515e-02
-1.213915046552740407e+01 2.530364948303392286e-02
-1.160508978460361007e+01 2.993342203049158615e-02
-1.107102910367981607e+01 3.531765453554185086e-02
-1.053696842275602208e+01 4.130233002459331865e-02
-1.000290774183222808e+01 4.831869602370189587e-02
-9.468847060908434088e+00 5.612010216211613806e-02
-8.934786379984640092e+00 6.506156872461446583e-02
-8.400725699060846097e+00 7.435057793621684119e-02
-7.866665018137052101e+00 8.468891148528749635e-02
-7.332604337213258106e+00 9.548081386093454359e-02
-6.798543656289464110e+00 1.065483842980096407e-01
-6.264482975365670114e+00 1.170977657435015445e-01
-5.730422294441876119e+00 1.263840963990414679e-01
-5.196361613518082123e+00 1.335786979828061660e-01
-4.662300932594288128e+00 1.378316869774779407e-01
-4.128240251670494132e+00 1.375776705775547393e-01
-3.594179570746700136e+00 1.296577383333766820e-01
-3.060118889822906141e+00 1.133628541339103679e-01
-2.526058208899112145e+00 8.863464777829471730e-02
-1.991997527975314597e+00 5.748371041091293598e-02
-1.457936847051517049e+00 2.706971078021518096e-02
-9.238761661277230530e-01 6.934112006690562255e-03
-3.898154852039301121e-01 4.664035743756616702e-04
