-9.917802916353867460e+00 3.006615095810660036e-05
-9.818680410020345306e+00 8.117860758688782606e-05
-9.719557903686824929e+00 1.100421125066701597e-04
-9.620435397353304552e+00 1.407095864839388985e-04
-9.521312891019782398e+00 1.791942597103153253e-04
-9.422190384686260245e+00 1.876127819785851890e-04
-9.323067878352739868e+00 2.303067163390965476e-04
-9.223945372019217714e+00 2.423331767223391945e-04
-9.124822865685697337e+00 2.754059427762564735e-04
-9.025700359352175184e+00 2.730006506996079333e-04
-8.926577853018653030e+00 3.211064922325784668e-04
-8.827455346685132653e+00 3.259170763858755472e-04
-8.728332840351612276e+00 3.601924884781170693e-04
-8.629210334018090123e+00 3.836440862254402416e-04
-8.530087827684567969e+00 4.143115602027089262e-04
-8.430965321351045816e+00 4.191221443560060067e-04
-8.331842815017525439e+00 4.564041715440581904e-04
-8.232720308684005062e+00 4.720385700422736206e-04
-8.133597802350482908e+00 5.405893942267566647e-04
-8.034475296016960755e+00 5.520145315908371901e-04
-7.935352789683440378e+00 6.121468335070504247e-04
-7.836230283349918224e+00 6.879135339214790352e-04
-7.737107777016397847e+00 7.781119867957987787e-04
-7.637985270682875694e+00 8.129887219072024765e-04
-7.538862764349354428e+00 9.591102155636004956e-04
-7.439740258015833163e+00 1.226698959090749335e-03
-7.340617751682311010e+00 1.493085056579573824e-03
-7.241495245348790633e+00 1.786530689930694105e-03
-7.142372739015268479e+00 2.019242698346439355e-03
-7.043250232681748102e+00 2.377631217767069843e-03
-6.944127726348225949e+00 2.666867589984055383e-03
-6.845005220014704683e+00 3.152736589467058231e-03
-6.745882713681183418e+00 3.702345828981246610e-03
-6.646760207347661265e+00 4.457006218029722217e-03
-6.547637701014140887e+00 5.076368927766717991e-03
-6.448515194680618734e+00 5.846663715313409407e-03
-6.349392688347098357e+00 6.574264568499589220e-03
-6.250270182013576203e+00 7.598317670132699597e-03
-6.151147675680054938e+00 8.583284775520271317e-03
-6.052025169346533673e+00 9.772701707422969120e-03
-5.952902663013011519e+00 1.091160750571604741e-02
-5.853780156679491142e+00 1.263439795561555577e-02
-5.754657650345968989e+00 1.488575133935857685e-02
-5.655535144012448612e+00 1.689236625430261263e-02
-5.556412637678926458e+00 1.910463364180009505e-02
-5.457290131345406081e+00 2.094949266458951548e-02
-5.358167625011883928e+00 2.342032895032671730e-02
-5.259045118678361774e+00 2.614191693505452802e-02
-5.159922612344841397e+00 2.870776225781934352e-02
-5.060800106011319244e+00 3.235418504601850903e-02
-4.961677599677798867e+00 3.625316350226577555e-02
-4.862555093344276713e+00 4.161275557205786069e-02
-4.763432587010756336e+00 4.720265435818903760e-02
-4.664310080677234183e+00 5.287373175190710622e-02
-4.565187574343712029e+00 6.082803264938378696e-02
-4.466065068010191652e+00 6.950452249287418505e-02
-4.366942561676669499e+00 7.765365204855939618e-02
-4.267820055343149122e+00 8.582563187897278290e-02
-4.168697549009626968e+00 9.542515255687705755e-02
-4.069575042676106591e+00 1.067985761413096091e-01
-3.970452536342584438e+00 1.186025470074622695e-01
-3.871330030009062728e+00 1.296608773298538742e-01
-3.772207523675541463e+00 1.404347818641817902e-01
-3.673085017342020198e+00 1.530493361601650004e-01
-3.573962511008498932e+00 1.664828924082470407e-01
-3.474840004674977667e+00 1.825478381881825429e-01
-3.375717498341456402e+00 1.955833185975792421e-01
-3.276594992007934692e+00 2.107781499687871596e-01
-3.177472485674412983e+00 2.276236130275951230e-01
-3.078349979340891718e+00 2.466681143674790133e-01
-2.979227473007370453e+00 2.645544675724565975e-01
-2.880104966673849187e+00 2.813854988788047073e-01
-2.780982460340327922e+00 2.975544735410552422e-01
-2.681859954006806657e+00 3.132514096332635334e-01
-2.582737447673284947e+00 3.312171374767705623e-01
-2.483614941339763238e+00 3.484943504633369327e-01
-2.384492435006241973e+00 3.587252603113614824e-01
-2.285369928672720707e+00 3.665364463302775433e-01
-2.186247422339199442e+00 3.755845537996101435e-01
-2.087124916005678177e+00 3.828341041186288374e-01
-1.988002409672156912e+00 3.868767987764558103e-01
-1.888879903338635202e+00 3.861786627512086012e-01
-1.789757397005113937e+00 3.819122759302532866e-01
-1.690634890671592672e+00 3.732712641448934221e-01
-1.591512384338071406e+00 3.666500963808991820e-01
-1.492389878004550141e+00 3.493746873633903349e-01
-1.393267371671027988e+00 3.270842443660692545e-01
-1.294144865337506722e+00 3.020295194496598334e-01
-1.195022359003985457e+00 2.725099711159716387e-01
-1.095899852670464192e+00 2.391209091539750753e-01
-9.967773463369429265e-01 1.979176545579666435e-01
-8.976548400034216613e-01 1.581605818230431282e-01
-7.985323336699003960e-01 1.197071773936631001e-01
-6.994098273363782425e-01 8.383525268554611887e-02
-6.002873210028569773e-01 5.212207797795444242e-02
-5.011648146693357120e-01 2.697174270149826913e-02
-4.020423083358144467e-01 1.196452411226893962e-02
-3.029198020022931814e-01 4.085388592187524405e-03
-2.037972956687719162e-01 9.230308344138726633e-04
-1.046747893352508174e-01 1.016235902384003096e-04
