3.667763356322868429e-01 9.679298684778389616e-03
1.087250417607120712e+00 3.164710981871970280e-02
1.807724499581954580e+00 4.969717064268942830e-02
2.528198581556788227e+00 6.285633104062633703e-02
3.248672663531622540e+00 7.135093962407029755e-02
3.969146745506456408e+00 7.327879112067613165e-02
4.689620827481290277e+00 7.317082878951401692e-02
5.410094909456124590e+00 7.143689584022162864e-02
6.130568991430958015e+00 6.905742260735985016e-02
6.851043073405792327e+00 6.507075841090692592e-02
7.571517155380625752e+00 6.028558661263286322e-02
8.291991237355460953e+00 5.597081620515409472e-02
9.012465319330292601e+00 5.183052285240390827e-02
9.732939401305127802e+00 4.776278349538476409e-02
1.045341348327996300e+01 4.388830084763381545e-02
1.117388756525479465e+01 4.051375411345565364e-02
1.189436164722962985e+01 3.725626998356437736e-02
1.261483572920446150e+01 3.391282963752181162e-02
1.333530981117929670e+01 3.074353542718510565e-02
1.405578389315413190e+01 2.804588355397896748e-02
1.477625797512896355e+01 2.558260507861356489e-02
1.549673205710379875e+01 2.325367972647206238e-02
1.621720613907863395e+01 2.134560064147376229e-02
1.693768022105346560e+01 1.979251493809718043e-02
1.765815430302830080e+01 1.834557151125786045e-02
1.837862838500313245e+01 1.714483183732164531e-02
1.909910246697796765e+01 1.586078329941572121e-02
1.981957654895280285e+01 1.480357975158383584e-02
2.054005063092763805e+01 1.378062632260344637e-02
2.126052471290246970e+01 1.275337094632757184e-02
2.198099879487730135e+01 1.186675615470744738e-02
2.270147287685213655e+01 1.108347082793124765e-02
2.342194695882697175e+01 1.036132279060246464e-02
2.414242104080180695e+01 9.731914809390758772e-03
2.486289512277663860e+01 9.072972305401277512e-03
2.558336920475147025e+01 8.512726399937862315e-03
2.630384328672630545e+01 8.017340622927308230e-03
2.702431736870114065e+01 7.529814172706374500e-03
2.774479145067597585e+01 7.039557640548043532e-03
2.846526553265080750e+01 6.551534811792996890e-03
2.918573961462564270e+01 6.154349254774382078e-03
2.990621369660047435e+01 5.707691303859287538e-03
3.062668777857530955e+01 5.330112698936751055e-03
3.134716186055014475e+01 4.948149416963215468e-03
3.206763594252497995e+01 4.685068793901544029e-03
3.278811002449980805e+01 4.379878725198862142e-03
3.350858410647464325e+01 4.140045163483142138e-03
3.422905818844947134e+01 3.886974840858700014e-03
3.494953227042431365e+01 3.635393653836494713e-03
3.567000635239914175e+01 3.418972612978194835e-03
3.639048043437397695e+01 3.239449043153107971e-03
3.711095451634881215e+01 3.059511824549558407e-03
3.783142859832364024e+01 2.884207472264108205e-03
3.855190268029848255e+01 2.719409798949989823e-03
3.927237676227331065e+01 2.575708213334215214e-03
3.999285084424815295e+01 2.496618566904347178e-03
4.071332492622298105e+01 2.351427845686359600e-03
4.143379900819780914e+01 2.212193666877269871e-03
4.215427309017265145e+01 2.122680071231749718e-03
4.287474717214747955e+01 1.978564836837576162e-03
4.359522125412232185e+01 1.901047055765623783e-03
4.431569533609714995e+01 1.794904779228486151e-03
4.503616941807197804e+01 1.710934077213493521e-03
4.575664350004682035e+01 1.615546668914709253e-03
4.647711758202164845e+01 1.521234747439761991e-03
4.719759166399649075e+01 1.461669323350321638e-03
4.791806574597131885e+01 1.363220914091398984e-03
4.863853982794614694e+01 1.288185025689826636e-03
4.935901390992098925e+01 1.220594815299447938e-03
5.007948799189581734e+01 1.137616870352630392e-03
5.079996207387065965e+01 1.067875686314577249e-03
5.152043615584548775e+01 9.930879871800676450e-04
5.224091023782031584e+01 9.154874763524258052e-04
5.296138431979515815e+01 8.694070024387893971e-04
5.368185840176998624e+01 7.970184662189833732e-04
5.440233248374482855e+01 7.713722419582521401e-04
5.512280656571965665e+01 7.268636334025314980e-04
5.584328064769449185e+01 6.917034872386325795e-04
5.656375472966932705e+01 6.597698015462313435e-04
5.728422881164415514e+01 6.212177353994547367e-04
5.800470289361899745e+01 6.000389179454314759e-04
5.872517697559382555e+01 5.590049591282615030e-04
5.944565105756866075e+01 5.388188987424008579e-04
6.016612513954349595e+01 4.992740755274616355e-04
6.088659922151832404e+01 4.723041751758539080e-04
6.160707330349316635e+01 4.301947295348467664e-04
6.232754738546799445e+01 4.182816447169586957e-04
6.304802146744283675e+01 4.004120174901265898e-04
6.376849554941766485e+01 3.855206614677703504e-04
6.448896963139250715e+01 3.684783317977286064e-04
6.520944371336733525e+01 3.402674851109311889e-04
6.592991779534216334e+01 3.352209700144646995e-04
6.665039187731699144e+01 3.099056647764461526e-04
6.737086595929183375e+01 3.007226618959967911e-04
6.809134004126667605e+01 2.807020610214847642e-04
6.881181412324150415e+01 2.696990035160796604e-04
6.953228820521633224e+01 2.537321606698822950e-04
7.025276228719116034e+01 2.446318875451017946e-04
7.097323636916600265e+01 2.325533432158588716e-04
7.169371045114084495e+01 2.314778563920172035e-04
7.241418453311567305e+01 2.080653355346442934e-04
7.313465861509050114e+01 2.052525238415317901e-04
7.385513269706532924e+01 1.951594936485949081e-04
7.457560677904017155e+01 1.930085200009245010e-04
7.529608086101501385e+01 1.787790020239989736e-04
7.601655494298984195e+01 1.714160537685021832e-04
7.673702902496467004e+01 1.709196752344235046e-04
7.745750310693949814e+01 1.671968362288301486e-04
7.817797718891434045e+01 1.651285923368389565e-04
7.889845127088918275e+01 1.482517221781611179e-04
7.961892535286401085e+01 1.512299933826360900e-04
8.033939943483883894e+01 1.469280460872846776e-04
8.105987351681368125e+01 1.417988012351412770e-04
8.178034759878850934e+01 1.303820949513317766e-04
8.250082168076335165e+01 1.337740149342000594e-04
8.322129576273817975e+01 1.238464442526292242e-04
8.394176984471300784e+01 1.231846062071885646e-04
8.466224392668785015e+01 1.149116306392130899e-04
8.538271800866267824e+01 1.105269535881847935e-04
8.610319209063752055e+01 1.068868443382724144e-04
8.682366617261234865e+01 1.063077360485160656e-04
8.754414025458717674e+01 1.041567624008397631e-04
8.826461433656201905e+01 9.795203072485838072e-05
8.898508841853684714e+01 9.480830000902678092e-05
8.970556250051168945e+01 9.340189416246869969e-05
9.042603658248651755e+01 8.587348639561064663e-05
9.114651066446134564e+01 8.264702592409763624e-05
9.186698474643618795e+01 8.603894590697020166e-05
9.258745882841101604e+01 7.859326789579008975e-05
9.330793291038585835e+01 7.379494206636144887e-05
9.402840699236068644e+01 7.354675279932357322e-05
9.474888107433551454e+01 7.528407766859744415e-05
9.546935515631035685e+01 6.585288552110412199e-05
9.618982923828518494e+01 6.816931868013793307e-05
9.691030332026002725e+01 6.610107478814214671e-05
9.763077740223485534e+01 6.287461431663207722e-05
9.835125148420968344e+01 6.337099285070949548e-05
9.907172556618452575e+01 5.584258508385085289e-05
9.979219964815935384e+01 5.840720750992400330e-05
1.005126737301341961e+02 5.253339485665865452e-05
1.012331478121090242e+02 5.393980070321593615e-05
1.019536218940838523e+02 5.120971876578221427e-05
1.026740959760586946e+02 4.864509633971007352e-05
1.033945700580335227e+02 4.450860855572112321e-05
1.041150441400083650e+02 4.219217539668647864e-05
1.048355182219831931e+02 4.318493246484466264e-05
1.055559923039580212e+02 3.747657932293916704e-05
1.062764663859328635e+02 3.739384956726012814e-05
1.069969404679077059e+02 3.243006422647274538e-05
1.077174145498825339e+02 2.887268473224288481e-05
1.084378886318573620e+02 2.945179302200133758e-05
1.091583627138321901e+02 2.812811693112431797e-05
1.098788367958070324e+02 2.688717059592818717e-05
1.105993108777818748e+02 2.531530523801188583e-05
1.113197849597567028e+02 2.514984572665282886e-05
1.120402590417315309e+02 2.349525061305724805e-05
1.127607331237063590e+02 1.993787111882635411e-05
1.134812072056812013e+02 1.853146527227050565e-05
1.142016812876560437e+02 1.820054624955102967e-05
1.149221553696308717e+02 1.853146527227050565e-05
1.156426294516056998e+02 1.439497748828155365e-05
1.163631035335805279e+02 1.555319406779815257e-05
1.170835776155553702e+02 1.604957260187713276e-05
1.178040516975302126e+02 1.340222042012394055e-05
1.185245257795050406e+02 1.298857164172530878e-05
1.192449998614798687e+02 1.348495017580398404e-05
1.199654739434546968e+02 1.290584188604527546e-05
1.206859480254295391e+02 1.149943603948928640e-05
1.214064221074043814e+02 1.232673359628683455e-05
1.221268961893792095e+02 1.042394921565215837e-05
1.228473702713540376e+02 9.183002880455473616e-06
1.235678443533288657e+02 9.679381414533957443e-06
1.242883184353037080e+02 8.521164835017241634e-06
1.250087925172785503e+02 8.190245812297963860e-06
1.257292665992533784e+02 6.535650698702543995e-06
1.264497406812282065e+02 7.445678011179967069e-06
1.271702147632030488e+02 5.294704363505858394e-06
1.278906888451778912e+02 6.370191187342860215e-06
1.286111629271527192e+02 5.708353141904753595e-06
1.293316370091275758e+02 5.129244852146098382e-06
1.300521110911024039e+02 5.377434119185637604e-06
1.307725851730772320e+02 5.873812653264312014e-06
1.314930592550520601e+02 5.625623386224974385e-06
1.322135333370268881e+02 4.219217539668731212e-06
1.329340074190017162e+02 5.708353141904528284e-06
1.336544815009765728e+02 3.971028272629393584e-06
1.343749555829514009e+02 4.550136562387847203e-06
1.350954296649262290e+02 4.881055585106963194e-06
1.358159037469010570e+02 4.053758028309172794e-06
1.365363778288759136e+02 4.136487783988788526e-06
1.372568519108507417e+02 3.391919982870940812e-06
1.379773259928255698e+02 2.978271204472045612e-06
1.386978000748003979e+02 2.730081937432708407e-06
1.394182741567752259e+02 2.399162914713591992e-06
1.401387482387500540e+02 2.730081937432600833e-06
1.408592223207249106e+02 2.647352181752929197e-06
1.415796964026997387e+02 2.647352181752929197e-06
1.423001704846745668e+02 1.985514136314696792e-06
1.430206445666493948e+02 4.963785340786741980e-07
1.437411186486242514e+02 9.927570681573094325e-07
