-1.565192679670070675e+03 5.014380785597191449e-08
-1.555683287013398967e+03 9.401963972994509966e-08
-1.546173894356727487e+03 6.894773580196137911e-08
-1.536664501700056007e+03 1.128235676759341143e-07
-1.527155109043384300e+03 6.267975981996489972e-08
-1.517645716386712593e+03 9.401963972994509966e-08
-1.508136323730041113e+03 6.894773580196137911e-08
-1.498626931073369633e+03 1.441634475859158230e-07
-1.489117538416697926e+03 1.253595196399297994e-07
-1.479608145760026218e+03 9.401963972994509966e-08
-1.470098753103354738e+03 1.128235676759368142e-07
-1.460589360446683258e+03 1.065555916939403216e-07
-1.451079967790011779e+03 1.441634475859158230e-07
-1.441570575133339844e+03 1.629673755319048376e-07
-1.432061182476668364e+03 1.880392794598946727e-07
-1.422551789819996884e+03 1.629673755319087287e-07
-1.413042397163325404e+03 1.629673755319048376e-07
-1.403533004506653697e+03 2.507190392798595989e-07
-1.394023611849981990e+03 2.945948711538279401e-07
-1.384514219193310510e+03 2.757909432078455164e-07
-1.375004826536639030e+03 2.319151113338645756e-07
-1.365495433879967322e+03 2.820589191898420223e-07
-1.355986041223295615e+03 2.193791593698718816e-07
-1.346476648566624135e+03 2.883268951718385281e-07
-1.336967255909952655e+03 3.196667750818209515e-07
-1.327457863253281175e+03 2.945948711538279401e-07
-1.317948470596609241e+03 2.757909432078389519e-07
-1.308439077939937761e+03 3.133987990998244986e-07
-1.298929685283266281e+03 3.572746309737998808e-07
-1.289420292626594801e+03 2.820589191898352990e-07
-1.279910899969923094e+03 4.763661746317331744e-07
-1.270401507313251386e+03 4.826341506137181924e-07
-1.260892114656579906e+03 5.390459344516981270e-07
-1.251382721999908426e+03 5.703858143616669450e-07
-1.241873329343236719e+03 5.766537903436770563e-07
-1.232363936686565012e+03 5.390459344516852098e-07
-1.222854544029893532e+03 6.832093820376173911e-07
-1.213345151373222052e+03 5.202420065057086624e-07
-1.203835758716550572e+03 6.205296222176376154e-07
-1.194326366059878637e+03 7.082812859655863680e-07
-1.184816973403207157e+03 7.082812859656033087e-07
-1.175307580746535677e+03 7.020133099836068557e-07
-1.165798188089864198e+03 6.581374781096156976e-07
-1.156288795433192490e+03 7.646930698035717025e-07
-1.146779402776520783e+03 6.894773580195973269e-07
-1.137270010119849303e+03 7.772290217675647142e-07
-1.127760617463177823e+03 7.333531898935717561e-07
-1.118251224806506116e+03 6.581374781096313677e-07
-1.108741832149834408e+03 7.396211658755681032e-07
-1.099232439493162929e+03 7.333531898935892262e-07
-1.089723046836491449e+03 8.587127095335190256e-07
-1.080213654179819969e+03 7.270852139115754091e-07
-1.070704261523148034e+03 7.396211658755681032e-07
-1.061194868866476554e+03 8.649806855155155844e-07
-1.051685476209805074e+03 8.963205654254979549e-07
-1.042176083553133594e+03 8.900525894434802203e-07
-1.032666690896461660e+03 9.401963972994508907e-07
-1.023157298239790180e+03 1.178379484615354112e-06
-1.013647905583118700e+03 1.065555916939390431e-06
-1.004138512926447220e+03 1.040484013011404831e-06
-9.946291202697755125e+02 1.140771628723347442e-06
-9.851197276131040326e+02 1.228523292471297148e-06
-9.756103349564323253e+02 1.297471028273257707e-06
-9.661009422997608453e+02 1.209719364525308001e-06
-9.565915496430891380e+02 1.353882812111225571e-06
-9.470821569864176581e+02 1.391490668003204077e-06
-9.375727643297459508e+02 1.711157443085021058e-06
-9.280633716730744709e+02 1.541922091571117888e-06
-9.185539790164027636e+02 1.629673755319067805e-06
-9.090445863597312837e+02 1.980680410310866839e-06
-8.995351937030596901e+02 1.880392794598946886e-06
-8.900258010463880964e+02 1.748765298976999564e-06
-8.805164083897166165e+02 1.867856842634931534e-06
-8.710070157330449092e+02 2.256471353518709073e-06
-8.614976230763734293e+02 2.131111833878780862e-06
-8.519882304197017220e+02 2.500922416816569466e-06
-8.424788377630302421e+02 2.538530272708547760e-06
-8.329694451063585348e+02 2.601210032528511866e-06
-8.234600524496870548e+02 3.152791918944196334e-06
-8.139506597930153475e+02 3.171595846890185693e-06
-8.044412671363438676e+02 3.403510958224053180e-06
-7.949318744796721603e+02 3.735713685269863067e-06
-7.854224818230006804e+02 3.917484988747759355e-06
-7.759130891663290868e+02 3.792125469107876036e-06
-7.664036965096574932e+02 4.569354490875386223e-06
-7.568943038529860132e+02 4.111792244189647701e-06
-7.473849111963143059e+02 5.064524593453102615e-06
-7.378755185396428260e+02 5.396727320498912925e-06
-7.283661258829711187e+02 5.653714335760765801e-06
-7.188567332262996388e+02 6.117544558428500775e-06
-7.093473405696279315e+02 6.625250612970210073e-06
-6.998379479129564515e+02 6.869701676268070043e-06
-6.903285552562847442e+02 7.195636427331883900e-06
-6.808191625996132643e+02 7.672002601963610934e-06
-6.713097699429415570e+02 8.430427695785177501e-06
-6.618003772862700771e+02 8.931865774344997073e-06
-6.522909846295985972e+02 9.640147060310485291e-06
-6.427815919729268899e+02 1.129489271955753870e-05
-6.332721993162554099e+02 1.172111508633329580e-05
-6.237628066595837026e+02 1.170231115838730559e-05
-6.142534140029122227e+02 1.303112206657054514e-05
-6.047440213462405154e+02 1.343854050540031204e-05
-5.952346286895690355e+02 1.468586772581759855e-05
-5.857252360328973282e+02 1.572008376284700904e-05
-5.762158433762258483e+02 1.652865266452454554e-05
-5.667064507195541410e+02 1.777597988494183205e-05
-5.571970580628826610e+02 1.925522221669298477e-05
-5.476876654062109537e+02 2.085982406808406655e-05
-5.381782727495394738e+02 2.245815794349342208e-05
-5.286688800928678802e+02 2.319151113338645566e-05
-5.191594874361962866e+02 2.508443987994995195e-05
-5.096500947795246930e+02 2.791756502381169814e-05
-5.001407021228530994e+02 2.999226507385320084e-05
-4.906313094661815057e+02 3.270629867405689669e-05
-4.811219168095099121e+02 3.493769812364843014e-05
-4.716125241528384322e+02 3.855432026526040804e-05
-4.621031314961668386e+02 4.247807322998919314e-05
-4.525937388394952450e+02 4.574368871661037934e-05
-4.430843461828236514e+02 4.877738909189551397e-05
-4.335749535261520577e+02 5.434961973989155747e-05
-4.240655608694804641e+02 5.898792196656755366e-05
-4.145561682128088705e+02 6.288660302737077547e-05
-4.050467755561372769e+02 6.922352674516756899e-05
-3.955373828994656833e+02 7.268344948723129829e-05
-3.860279902427940897e+02 8.077540647998683436e-05
-3.765185975861224961e+02 8.824056587454658421e-05
-3.670092049294509025e+02 9.807502019029672592e-05
-3.574998122727793088e+02 1.088245989994230474e-04
-3.479904196161078289e+02 1.187718768828514783e-04
-3.384810269594362353e+02 1.345483724295334341e-04
-3.289716343027646417e+02 1.462444156119420966e-04
-3.194622416460930481e+02 1.607359760823141349e-04
-3.099528489894214545e+02 1.775341517140685793e-04
-3.004434563327498608e+02 1.978173219918044829e-04
-2.909340636760782672e+02 2.187774336756054597e-04
-2.814246710194066736e+02 2.411729118592731490e-04
-2.719152783627350800e+02 2.679935810862419028e-04
-2.624058857060634864e+02 3.001733697778047175e-04
-2.528964930493918928e+02 3.404889912940133024e-04
-2.433871003927202992e+02 3.859067452595506200e-04
-2.338777077360487056e+02 4.339507811615629564e-04
-2.243683150793772256e+02 4.816312744566102677e-04
-2.148589224227056320e+02 5.361313256200568719e-04
-2.053495297660340384e+02 6.054112641490768873e-04
-1.958401371093624448e+02 6.766029353525768565e-04
-1.863307444526908512e+02 7.604371141117960593e-04
-1.768213517960192576e+02 8.530840671016658508e-04
-1.673119591393476639e+02 9.589940572694808383e-04
-1.578025664826760703e+02 1.083118785640931536e-03
-1.482931738260044767e+02 1.231444169278922201e-03
-1.387837811693328831e+02 1.418085690094797848e-03
-1.292743885126612895e+02 1.626201296625061181e-03
-1.197649958559896959e+02 1.871517340608395063e-03
-1.102556031993181023e+02 2.146180048139525922e-03
-1.007462105426466223e+02 2.470340962000438633e-03
-9.123681788597502873e+01 2.891317032879199382e-03
-8.172742522930343512e+01 3.333428718769391053e-03
-7.221803257263184150e+01 3.824769088022022395e-03
-6.270863991596024789e+01 4.377441602258671897e-03
-5.319924725928865428e+01 5.030596039462495797e-03
-4.368985460261706066e+01 5.879185967785210791e-03
-3.418046194594546705e+01 6.780959672314883918e-03
-2.467106928927387344e+01 7.658946407993204135e-03
-1.516167663260227982e+01 8.624998206218207480e-03
-5.652283975930686211e+00 9.361986822181559906e-03
3.857108680740907403e+00 8.174449824656327898e-03
1.336650133741250102e+01 5.629858419173354618e-03
2.287589399408398094e+01 3.778968987521665306e-03
3.238528665075557456e+01 2.637044051217553916e-03
4.189467930742716817e+01 1.778851583690603793e-03
5.140407196409876178e+01 1.218149792221078637e-03
6.091346462077035540e+01 8.288959477871617534e-04
7.042285727744194901e+01 5.876039443842108250e-04
7.993224993411354262e+01 4.242103464855404059e-04
8.944164259078513624e+01 3.009631347515362215e-04
9.895103524745672985e+01 2.137442489620622885e-04
1.084604279041283235e+02 1.508889858145978776e-04
1.179698205607999171e+02 1.050387415062971661e-04
1.274792132174715107e+02 7.567954200662380538e-05
1.369886058741431043e+02 5.783461438588160901e-05
1.464979985308145842e+02 4.603828358776421517e-05
1.560073911874861778e+02 3.528243680265739734e-05
1.655167838441577715e+02 2.569243355020360873e-05
1.750261765008293651e+02 1.883526782589899965e-05
1.845355691575009587e+02 1.388983477610422097e-05
1.940449618141725523e+02 1.084359844885366703e-05
2.035543544708441459e+02 8.380283887929305828e-06
2.130637471275157395e+02 6.587642757078152582e-06
2.225731397841873331e+02 4.838877458101289602e-06
2.320825324408589267e+02 4.149400100081576444e-06
2.415919250975305204e+02 3.616622141611974508e-06
2.511013177542020003e+02 3.002360495376318310e-06
2.606107104108735939e+02 2.551066224672510173e-06
2.701201030675451875e+02 1.918000650490925603e-06
2.796294957242167811e+02 1.686085539157015341e-06
2.891388883808883747e+02 1.215987340507318853e-06
2.986482810375599684e+02 9.903402051554215611e-07
3.081576736942315620e+02 6.581374781096313677e-07
3.176670663509031556e+02 5.077060545417034746e-07
3.271764590075747492e+02 3.071308231178261399e-07
