-2.528756327282352140e+04 3.128622480124180471e-10
-2.509704925218327844e+04 0.000000000000000000e+00
-2.490653523154303184e+04 0.000000000000000000e+00
-2.471602121090278524e+04 0.000000000000000000e+00
-2.452550719026254228e+04 0.000000000000000000e+00
-2.433499316962229932e+04 3.128622480124121017e-10
-2.414447914898205272e+04 0.000000000000000000e+00
-2.395396512834180976e+04 0.000000000000000000e+00
-2.376345110770156316e+04 0.000000000000000000e+00
-2.357293708706132020e+04 0.000000000000000000e+00
-2.338242306642107724e+04 0.000000000000000000e+00
-2.319190904578083064e+04 0.000000000000000000e+00
-2.300139502514058404e+04 0.000000000000000000e+00
-2.281088100450034108e+04 0.000000000000000000e+00
-2.262036698386009812e+04 0.000000000000000000e+00
-2.242985296321985516e+04 0.000000000000000000e+00
-2.223933894257960856e+04 0.000000000000000000e+00
-2.204882492193936196e+04 0.000000000000000000e+00
-2.185831090129911900e+04 0.000000000000000000e+00
-2.166779688065887603e+04 3.128622480124121017e-10
-2.147728286001862944e+04 0.000000000000000000e+00
-2.128676883937838284e+04 0.000000000000000000e+00
-2.109625481873813987e+04 0.000000000000000000e+00
-2.090574079809789691e+04 0.000000000000000000e+00
-2.071522677745765395e+04 3.128622480124121017e-10
-2.052471275681740735e+04 3.128622480124180471e-10
-2.033419873617716075e+04 3.128622480124121017e-10
-2.014368471553691779e+04 0.000000000000000000e+00
-1.995317069489667483e+04 0.000000000000000000e+00
-1.976265667425643187e+04 3.128622480124121017e-10
-1.957214265361618527e+04 3.128622480124180471e-10
-1.938162863297593867e+04 6.257244960248242034e-10
-1.919111461233569571e+04 3.128622480124180471e-10
-1.900060059169545275e+04 3.128622480124180471e-10
-1.881008657105520979e+04 0.000000000000000000e+00
-1.861957255041495955e+04 9.385867440372362534e-10
-1.842905852977471659e+04 3.128622480124180471e-10
-1.823854450913447363e+04 6.257244960248360941e-10
-1.804803048849423067e+04 0.000000000000000000e+00
-1.785751646785398407e+04 3.128622480124180471e-10
-1.766700244721373747e+04 3.128622480124121017e-10
-1.747648842657349451e+04 0.000000000000000000e+00
-1.728597440593325155e+04 3.128622480124180471e-10
-1.709546038529300858e+04 3.128622480124121017e-10
-1.690494636465275835e+04 6.257244960248242034e-10
-1.671443234401251539e+04 3.128622480124180471e-10
-1.652391832337227243e+04 0.000000000000000000e+00
-1.633340430273202946e+04 1.564311240062075243e-09
-1.614289028209178286e+04 3.128622480124150485e-10
-1.595237626145153990e+04 9.385867440372451456e-10
-1.576186224081129330e+04 6.257244960248300971e-10
-1.557134822017105034e+04 3.128622480124150485e-10
-1.538083419953080374e+04 1.877173488074490291e-09
-1.519032017889056078e+04 1.564311240062090339e-09
-1.499980615825031782e+04 3.128622480124150485e-10
-1.480929213761007122e+04 1.251448992049660194e-09
-1.461877811696982826e+04 9.385867440372451456e-10
-1.442826409632958166e+04 1.564311240062075243e-09
-1.423775007568933870e+04 2.502897984099320388e-09
-1.404723605504909210e+04 1.564311240062075243e-09
-1.385672203440884914e+04 1.564311240062090339e-09
-1.366620801376860618e+04 2.815760232111735644e-09
-1.347569399312835958e+04 3.441484728136565741e-09
-1.328517997248811662e+04 2.502897984099320388e-09
-1.309466595184787002e+04 3.441484728136565741e-09
-1.290415193120762706e+04 4.692933720186225935e-09
-1.271363791056738046e+04 2.815760232111735644e-09
-1.252312388992713750e+04 3.128622480124180677e-09
-1.233260986928689454e+04 1.877173488074490291e-09
-1.214209584864664794e+04 4.692933720186225935e-09
-1.195158182800640498e+04 3.754346976148980582e-09
-1.176106780736615838e+04 4.692933720186225935e-09
-1.157055378672591542e+04 7.821556200310376006e-09
-1.138003976608566882e+04 7.508693952297961165e-09
-1.118952574544542585e+04 5.005795968198688753e-09
-1.099901172480518289e+04 5.631520464223471287e-09
-1.080849770416493629e+04 6.882969456273131481e-09
-1.061798368352469333e+04 6.882969456273131481e-09
-1.042746966288444673e+04 9.698729688384866711e-09
-1.023695564224420377e+04 1.220162767248418710e-08
-1.004644162160395717e+04 9.698729688384866711e-09
-9.855927600963714212e+03 1.282735216850914086e-08
-9.665413580323471251e+03 1.376593891254626296e-08
-9.474899559683224652e+03 1.314021441652143328e-08
-9.284385539042981691e+03 1.752028588869524437e-08
-9.093871518402735092e+03 1.220162767248418710e-08
-8.903357497762492130e+03 1.470452565658364811e-08
-8.712843477122247350e+03 1.783314813670748716e-08
-8.522329456482002570e+03 2.315180635291893652e-08
-8.331815435841757790e+03 2.409039309695573106e-08
-8.141301415201513009e+03 3.066050030521697213e-08
-7.950787394561268229e+03 3.504057177739015125e-08
-7.760273373921023449e+03 3.378912278534114701e-08
-7.569759353280780488e+03 4.223640348167643708e-08
-7.379245332640535707e+03 4.630361270583698629e-08
-7.188731312000290927e+03 5.287371991409864757e-08
-6.998217291360046147e+03 4.849364844192387364e-08
-6.807703270719801367e+03 6.945541905875680293e-08
-6.617189250079556587e+03 7.133259254682994864e-08
-6.426675229439311806e+03 8.103132223521628112e-08
-6.236161208799068845e+03 8.196990897925352895e-08
-6.045647188158824065e+03 1.054345775801828719e-07
-5.855133167518579285e+03 1.195133787407436938e-07
-5.664619146878334504e+03 1.232677257168903558e-07
-5.474105126238089724e+03 1.570568485022338718e-07
-5.283591105597844944e+03 1.676941649346528729e-07
-5.093077084957600164e+03 2.058633591921710768e-07
-4.902563064317357203e+03 2.168135378726057055e-07
-4.712049043677112422e+03 2.565470433701778806e-07
-4.521535023036867642e+03 3.000348958439089203e-07
-4.331021002396622862e+03 3.626073454463856153e-07
-4.140506981756378082e+03 4.085980959042179589e-07
-3.949992961116133301e+03 5.137198112363806636e-07
-3.759478940475888521e+03 5.985054804477557431e-07
-3.568964919835645560e+03 7.233375174047104992e-07
-3.378450899195400780e+03 8.462923808735746659e-07
-3.187936878555155999e+03 1.042144148129364588e-06
-2.997422857914911219e+03 1.263650619722132419e-06
-2.806908837274666439e+03 1.575261418742524957e-06
-2.616394816634421659e+03 1.898135258691304119e-06
-2.425880795994176879e+03 2.411229345431705938e-06
-2.235366775353933917e+03 3.127996755628155543e-06
-2.044852754713689137e+03 4.053756147496823261e-06
-1.854338734073444357e+03 5.408136819142658759e-06
-1.663824713433199577e+03 7.433919875022923552e-06
-1.473310692792954796e+03 1.020525366791706489e-05
-1.282796672152710016e+03 1.476303089696168838e-05
-1.092282651512465236e+03 2.187032258506007299e-05
-9.017686308722222748e+02 3.472896097837045026e-05
-7.112546102319774945e+02 5.839918007624485095e-05
-5.207405895917327143e+02 1.097677197151568780e-04
-3.302265689514879341e+02 2.513134836854262629e-04
-1.397125483112431539e+02 8.931372452684902073e-04
5.080147232900162635e+01 2.806011757325890116e-03
2.413154929692464066e+02 6.815328638252912382e-04
4.318295136094893678e+02 1.942790087350152622e-04
6.223435342497341480e+02 7.227712367357941987e-05
8.128575548899789283e+02 3.153307311492360493e-05
1.003371575530223708e+03 1.520166376867509070e-05
1.193885596170468489e+03 7.870362711000388796e-06
1.384399616810713269e+03 4.469237212857306836e-06
1.574913637450958049e+03 2.573291989902138421e-06
1.765427658091201010e+03 1.595910327111344516e-06
1.955941678731445791e+03 1.016489443792326752e-06
2.146455699371690571e+03 6.466862666416681516e-07
2.336969720011935351e+03 4.333142134971907011e-07
2.527483740652180131e+03 2.837660589472631500e-07
2.717997761292424912e+03 2.158749511285643284e-07
2.908511781932669692e+03 1.489224300539109867e-07
3.099025802572912653e+03 1.029316795960855384e-07
3.289539823213157433e+03 8.134418448322714417e-08
3.480053843853402213e+03 6.257244960248361686e-08
3.670567864493646994e+03 4.786792394589905058e-08
3.861081885133891774e+03 4.067209224161434632e-08
4.051595905774136554e+03 2.878332681714191067e-08
4.242109926414381334e+03 2.690615332906795101e-08
4.432623947054624296e+03 1.689456139267057351e-08
4.623137967694869076e+03 1.314021441652130755e-08
4.813651988335113856e+03 1.001159193639737751e-08
5.004166008975358636e+03 7.508693952297890027e-09
5.194680029615603416e+03 6.257244960248361355e-09
5.385194050255848197e+03 5.944382712235829053e-09
5.575708070896092977e+03 5.631520464223525054e-09
5.766222091536335938e+03 3.441484728136598414e-09
5.956736112176580718e+03 3.754346976148945014e-09
6.147250132816825499e+03 3.441484728136598414e-09
6.337764153457070279e+03 1.877173488074472507e-09
6.528278174097315059e+03 4.380071472173852452e-09
6.718792194737559839e+03 1.877173488074472507e-09
6.909306215377804619e+03 1.251448992049672188e-09
7.099820236018047581e+03 1.564311240062090339e-09
7.290334256658292361e+03 9.385867440372362534e-10
7.480848277298537141e+03 9.385867440372542446e-10
7.671362297938780102e+03 9.385867440372542446e-10
7.861876318579026702e+03 9.385867440372182622e-10
8.052390339219273301e+03 9.385867440372542446e-10
8.242904359859516262e+03 6.257244960248360941e-10
8.433418380499759223e+03 6.257244960248360941e-10
8.623932401140002185e+03 6.257244960248360941e-10
8.814446421780248784e+03 0.000000000000000000e+00
9.004960442420495383e+03 3.128622480124180471e-10
9.195474463060738344e+03 3.128622480124180471e-10
9.385988483700981305e+03 3.128622480124180471e-10
9.576502504341227905e+03 3.128622480124061046e-10
9.767016524981474504e+03 3.128622480124180471e-10
9.957530545621717465e+03 0.000000000000000000e+00
1.014804456626196043e+04 0.000000000000000000e+00
1.033855858690220339e+04 0.000000000000000000e+00
1.052907260754244999e+04 0.000000000000000000e+00
1.071958662818269659e+04 3.128622480124180471e-10
1.091010064882293955e+04 0.000000000000000000e+00
1.110061466946318251e+04 0.000000000000000000e+00
1.129112869010342547e+04 3.128622480124180471e-10
1.148164271074367207e+04 0.000000000000000000e+00
1.167215673138391867e+04 0.000000000000000000e+00
1.186267075202416163e+04 0.000000000000000000e+00
1.205318477266440459e+04 0.000000000000000000e+00
1.224369879330465119e+04 0.000000000000000000e+00
1.243421281394489779e+04 0.000000000000000000e+00
1.262472683458514075e+04 3.128622480124210456e-10
