-8.049435324893333927e+02 2.237217020866691862e-08
-7.996150691154671222e+02 3.355825531300037958e-08
-7.942866057416010790e+02 5.593042552166729489e-08
-7.889581423677348084e+02 3.355825531300037958e-08
-7.836296789938686516e+02 2.237217020866644216e-08
-7.783012156200024947e+02 1.006747659390011255e-07
-7.729727522461362241e+02 5.593042552166729489e-08
-7.676442888722701809e+02 6.711651062600075916e-08
-7.623158254984039104e+02 3.355825531300037958e-08
-7.569873621245378672e+02 8.948868083466767447e-08
-7.516588987506715966e+02 5.593042552166729489e-08
-7.463304353768055535e+02 8.948868083466767447e-08
-7.410019720029392829e+02 7.830259573033254260e-08
-7.356735086290730123e+02 1.006747659390011255e-07
-7.303450452552069692e+02 7.830259573033421020e-08
-7.250165818813406986e+02 5.593042552166729489e-08
-7.196881185074746554e+02 2.349077871910026438e-07
-7.143596551336083849e+02 1.789773616693353489e-07
-7.090311917597423417e+02 1.230469361476680541e-07
-7.037027283858760711e+02 8.948868083466767447e-08
-6.983742650120100279e+02 1.789773616693353489e-07
-6.930458016381437574e+02 1.566051914606650852e-07
-6.877173382642774868e+02 1.901634467736688132e-07
-6.823888748904114436e+02 2.013495318780022510e-07
-6.770604115165451731e+02 1.342330212520015183e-07
-6.717319481426791299e+02 1.566051914606684204e-07
-6.664034847688128593e+02 1.677912765650018847e-07
-6.610750213949468161e+02 1.454191063563349561e-07
-6.557465580210805456e+02 3.467686382343298221e-07
-6.504180946472143887e+02 2.237217020866739441e-07
-6.450896312733482318e+02 3.243964680256633700e-07
-6.397611678994819613e+02 2.908382127126699123e-07
-6.344327045256159181e+02 3.915129786516710907e-07
-6.291042411517496475e+02 4.250712339646714306e-07
-6.237757777778836044e+02 3.355825531300037693e-07
-6.184473144040173338e+02 4.138851488603379663e-07
-6.131188510301512906e+02 2.684660425040030366e-07
-6.077903876562850201e+02 3.691408084429962742e-07
-6.024619242824188632e+02 4.026990637560131312e-07
-5.971334609085527063e+02 4.698155743819952821e-07
-5.918049975346864358e+02 3.020242978170033765e-07
-5.864765341608203926e+02 3.579547233386706979e-07
-5.811480707869541220e+02 3.579547233386706979e-07
-5.758196074130880788e+02 4.586294892776718234e-07
-5.704911440392218083e+02 4.698155743820052877e-07
-5.651626806653557651e+02 4.810016594863386990e-07
-5.598342172914894945e+02 5.593042552166610375e-07
-5.545057539176233377e+02 6.376068509470207513e-07
-5.491772905437571808e+02 5.257459999036613329e-07
-5.438488271698909102e+02 5.593042552166730018e-07
-5.385203637960248670e+02 7.159094466773413958e-07
-5.331919004221585965e+02 7.159094466773413958e-07
-5.278634370482925533e+02 6.264207658426736816e-07
-5.225349736744262827e+02 7.159094466773261492e-07
-5.172065103005601259e+02 8.389563828250273434e-07
-5.118780469266939690e+02 8.389563828250004501e-07
-5.065495835528278121e+02 1.051491999807345112e-06
-5.012211201789616553e+02 8.277702977206671446e-07
-4.958926568050954415e+02 1.051491999807345112e-06
-4.905641934312292847e+02 1.029119829598678290e-06
-4.852357300573631278e+02 1.062678084911678629e-06
-4.799072666834969141e+02 9.620033189726672336e-07
-4.745788033096307572e+02 1.275213701894014398e-06
-4.692503399357646003e+02 1.230469361476680541e-06
-4.639218765618984435e+02 1.107422425329012486e-06
-4.585934131880322866e+02 1.443004978459016309e-06
-4.532649498141661297e+02 1.375888467833000806e-06
-4.479364864402999160e+02 1.342330212520015077e-06
-4.426080230664337591e+02 1.286399786998347703e-06
-4.372795596925676023e+02 1.465377148667683131e-06
-4.319510963187013886e+02 1.722657106067334334e-06
-4.266226329448352317e+02 1.789773616693353436e-06
-4.212941695709690748e+02 1.935192723049688313e-06
-4.159657061971029179e+02 2.125356169823357259e-06
-4.106372428232367611e+02 2.281961361284001512e-06
-4.053087794493705474e+02 2.091797914510356707e-06
-3.999803160755043905e+02 2.427380467640360529e-06
-3.946518527016382336e+02 2.583985659101028923e-06
-3.893233893277720199e+02 2.673474339935668262e-06
-3.839949259539058630e+02 2.628729999518362992e-06
-3.786664625800397062e+02 2.953126467544033297e-06
-3.733379992061735493e+02 3.154475999422035337e-06
-3.680095358323073924e+02 3.221592510048036016e-06
-3.626810724584412355e+02 4.261898424751002295e-06
-3.573526090845750218e+02 4.306642765168382104e-06
-3.520241457107088650e+02 4.619853148089718891e-06
-3.466956823368427081e+02 4.754086169341720251e-06
-3.413672189629764944e+02 5.112040892680336051e-06
-3.360387555891103375e+02 5.872694679775066043e-06
-3.307102922152441806e+02 6.118788552070401727e-06
-3.253818288413780238e+02 6.890628424269411027e-06
-3.200533654675118669e+02 7.774329147511670795e-06
-3.147249020936456532e+02 7.919748253868089528e-06
-3.093964387197794963e+02 8.758704636693098237e-06
-3.040679753459133394e+02 9.631219274831107497e-06
-2.987395119720471826e+02 1.076101387036878765e-05
-2.934110485981810257e+02 1.183487804038480022e-05
-2.880825852243148688e+02 1.377007076343448854e-05
-2.827541218504486551e+02 1.413921157187719137e-05
-2.774256584765824414e+02 1.566051914606684278e-05
-2.720971951027162845e+02 1.714826846494319379e-05
-2.667687317288501276e+02 1.790892225203786958e-05
-2.614402683549839708e+02 1.990004540060922548e-05
-2.561118049811178139e+02 2.118644518760757318e-05
-2.507833416072516570e+02 2.340129003826559603e-05
-2.454548782333855002e+02 2.381517518712593278e-05
-2.401264148595192864e+02 2.679067382487806221e-05
-2.347979514856530727e+02 2.746183893113864245e-05
-2.294694881117869159e+02 3.062750101566501427e-05
-2.241410247379207590e+02 3.245083288767136402e-05
-2.188125613640546021e+02 3.525854024885906329e-05
-2.134840979901884452e+02 3.959874126934044764e-05
-2.081556346163222884e+02 4.192544697104180567e-05
-2.028271712424561315e+02 4.556092462995017843e-05
-1.974987078685899746e+02 5.233969220317625598e-05
-1.921702444947237609e+02 5.596398377697910261e-05
-1.868417811208575472e+02 6.379424335001371662e-05
-1.815133177469913903e+02 6.888391207248544662e-05
-1.761848543731252335e+02 7.628910041155419436e-05
-1.708563909992590766e+02 8.375021917614460291e-05
-1.655279276253929197e+02 9.216215517460336719e-05
-1.601994642515267628e+02 9.952259917325478086e-05
-1.548710008776606060e+02 1.094446566607985632e-04
-1.495425375037943923e+02 1.228344005306831067e-04
-1.442140741299281785e+02 1.358326314219211880e-04
-1.388856107560620217e+02 1.506653802702673641e-04
-1.335571473821958648e+02 1.666391097992555453e-04
-1.282286840083297079e+02 1.936535053262208471e-04
-1.229002206344635511e+02 2.222563249380014947e-04
-1.175717572605973942e+02 2.503333985498784739e-04
-1.122432938867312373e+02 2.852339840753988849e-04
-1.069148305128650804e+02 3.280543178547873449e-04
-1.015863671389988667e+02 3.696665544428999516e-04
-9.625790376513265301e+01 4.276999639641898012e-04
-9.092944039126649614e+01 4.928812818671408739e-04
-8.560097701740033926e+01 5.611499592588879703e-04
-8.027251364353418239e+01 6.337812098413251249e-04
-7.494405026966802552e+01 7.130122506353189869e-04
-6.961558689580186865e+01 8.198841077221209360e-04
-6.428712352193571178e+01 9.597549158667064220e-04
-5.895866014806949806e+01 1.134694100813353219e-03
-5.363019677420328435e+01 1.345160292051411459e-03
-4.830173340033712748e+01 1.608726829279716504e-03
-4.297327002647097061e+01 1.978975060148049740e-03
-3.764480665260481373e+01 2.458421853804885863e-03
-3.231634327873865686e+01 3.157529800655518512e-03
-2.698787990487249999e+01 4.071108557211536826e-03
-2.165941653100634312e+01 5.400787307478550209e-03
-1.633095315714018625e+01 7.380455904903068451e-03
-1.100248978327397253e+01 1.038408754669294630e-02
-5.674026409407758820e+00 1.583719217420468534e-02
-3.455630355416019484e-01 2.477335286499292993e-02
4.982900338324554923e+00 2.743684921701556104e-02
1.031136371219071179e+01 2.083870335996915873e-02
1.563982708605686867e+01 1.430459784014506339e-02
2.096829045992302554e+01 9.816270680712096269e-03
2.629675383378918241e+01 6.973595617488252338e-03
3.162521720765539612e+01 5.133853758633731210e-03
3.695368058152160984e+01 3.808067765983135042e-03
4.228214395538776671e+01 2.826455239822560968e-03
4.761060732925392358e+01 2.106339825145990205e-03
5.293907070312008045e+01 1.586913963326266105e-03
5.826753407698623732e+01 1.204987459609008866e-03
6.359599745085239419e+01 9.035448382174308436e-04
6.892446082471855107e+01 6.839508015342607395e-04
7.425292419858470794e+01 5.226810125850852012e-04
7.958138757245092165e+01 4.046342564790455913e-04
8.490985094631713537e+01 3.168794188355582493e-04
9.023831432018329224e+01 2.400086419985786985e-04
9.556677769404944911e+01 1.853422440937010777e-04
1.008952410679156060e+02 1.504975889937023681e-04
1.062237044417817629e+02 1.199372044886633481e-04
1.115521678156479197e+02 9.245299338731603864e-05
1.168806311895140766e+02 6.841409649810343890e-05
1.222090945633802903e+02 5.373795284121679367e-05
1.275375579372465040e+02 4.123190969457312760e-05
1.328660213111126609e+02 3.389383786613038097e-05
1.381944846849788178e+02 2.834553965438098692e-05
1.435229480588449746e+02 2.098509565572956987e-05
1.488514114327111315e+02 1.583949650773617906e-05
1.541798748065772884e+02 1.184606412548913374e-05
1.595083381804434453e+02 1.006747659390011297e-05
1.648368015543096021e+02 8.568541189919430138e-06
1.701652649281758158e+02 7.875003913450587747e-06
1.754937283020420296e+02 6.555045871139407205e-06
1.808221916759081864e+02 5.794392084044731422e-06
1.861506550497743433e+02 4.832388765072054024e-06
1.914791184236405002e+02 4.306642765168382104e-06
1.968075817975066570e+02 3.758524595056042301e-06
2.021360451713728139e+02 3.344639446195704282e-06
2.074645085452389708e+02 2.349077871910026332e-06
2.127929719191051277e+02 1.979937063467022382e-06
2.181214352929713414e+02 1.521307574189317895e-06
2.234498986668374982e+02 1.174538935955038365e-06
2.287783620407036551e+02 9.060728934509908596e-07
2.341068254145698120e+02 6.487929360513544803e-07
2.394352887884359689e+02 4.810016594863284287e-07
2.447637521623022394e+02 3.467686382343298221e-07
2.500922155361683963e+02 2.013495318780065656e-07
2.554206789100345247e+02 1.454191063563334209e-07
