-1.568884843689610307e+02 1.362502948754018967e-06
-1.557073306618022457e+02 2.169912103571215447e-06
-1.545261769546435175e+02 2.624079753155888506e-06
-1.533450232474847326e+02 3.633341196677384053e-06
-1.521638695403259760e+02 3.835193485381591005e-06
-1.509827158331672194e+02 4.642602640198879600e-06
-1.498015621260084345e+02 4.390287279318505819e-06
-1.486204084188497063e+02 5.298622578487851938e-06
-1.474392547116909213e+02 5.954642516776823429e-06
-1.462581010045321932e+02 5.752790228072524574e-06
-1.450769472973734082e+02 6.005105588952898355e-06
-1.438957935902146517e+02 7.216219321178519538e-06
-1.427146398830558951e+02 6.812514743770095470e-06
-1.415334861758971101e+02 7.165756249002618255e-06
-1.403523324687383820e+02 7.670386970763366663e-06
-1.391711787615795970e+02 8.881500702989161489e-06
-1.379900250544208689e+02 8.175017692524114225e-06
-1.368088713472620839e+02 9.285205280397759199e-06
-1.356277176401033557e+02 8.780574558637011638e-06
-1.344465639329445708e+02 1.019354057956710447e-05
-1.332654102257858142e+02 9.386131424749683739e-06
-1.320842565186270576e+02 1.100094973438430159e-05
-1.309031028114682726e+02 1.135419123961682437e-05
-1.297219491043095445e+02 1.064770822915177880e-05
-1.285407953971507595e+02 1.155604352832112407e-05
-1.273596416899920172e+02 1.241391575531439611e-05
-1.261784879828332464e+02 1.206067425008172764e-05
-1.249973342756744898e+02 1.332225105448374139e-05
-1.238161805685157333e+02 1.458382785888561114e-05
-1.226350268613569767e+02 1.296900954925106275e-05
-1.214538731541982060e+02 1.377641870406841402e-05
-1.202727194470394494e+02 1.498753243629420885e-05
-1.190915657398806928e+02 1.372595563189233910e-05
-1.179104120327219363e+02 1.811624291121084407e-05
-1.167292583255631655e+02 1.751068604509773829e-05
-1.155481046184044089e+02 1.927689357126056397e-05
-1.143669509112456524e+02 2.023569194260598755e-05
-1.131857972040868958e+02 2.533246223238923316e-05
-1.120046434969281250e+02 2.341486548969869770e-05
-1.108234897897693685e+02 2.931904493429944705e-05
-1.096423360826106119e+02 2.972274951170804307e-05
-1.084611823754518554e+02 3.224590312051178596e-05
-1.072800286682930846e+02 3.471859365713902702e-05
-1.060988749611343280e+02 3.492044594584374685e-05
-1.049177212539755715e+02 3.673711654418243739e-05
-1.037365675468168149e+02 3.941165936951393072e-05
-1.025554138396580441e+02 4.067323617391626803e-05
-1.013742601324992876e+02 4.365055743230468525e-05
-1.001931064253405310e+02 4.582046953587589689e-05
-9.901195271818177446e+01 4.763714013421458743e-05
-9.783079901102300369e+01 4.854547543338335333e-05
-9.664964530386424713e+01 5.142187054742019669e-05
-9.546849159670549057e+01 5.414687644492823589e-05
-9.428733788954673400e+01 5.646817776502699806e-05
-9.310618418238796323e+01 5.969781438429646415e-05
-9.192503047522920667e+01 6.378532323055851618e-05
-9.074387676807045011e+01 7.059783797432861419e-05
-8.956272306091169355e+01 7.458442067623851637e-05
-8.838156935375292278e+01 8.881500702989054085e-05
-8.720041564659416622e+01 1.007242920634452533e-04
-8.601926193943540966e+01 1.018344796513189084e-04
-8.483810823227665310e+01 1.081928267455030277e-04
-8.365695452511788233e+01 1.180835888920149870e-04
-8.247580081795912577e+01 1.218683193052205895e-04
-8.129464711080036921e+01 1.218683193052205895e-04
-8.011349340364161264e+01 1.332225105448374240e-04
-7.893233969648284187e+01 1.414479913095358988e-04
-7.775118598932408531e+01 1.432141988357002254e-04
-7.657003228216532875e+01 1.594128450042202121e-04
-7.538887857500657219e+01 1.646105414383539339e-04
-7.420772486784780142e+01 1.809605768234041478e-04
-7.302657116068904486e+01 1.826258582052146101e-04
-7.184541745353028830e+01 1.938286602283032368e-04
-7.066426374637153174e+01 2.029624762921727475e-04
-6.948311003921276097e+01 2.049809991792132780e-04
-6.830195633205400441e+01 2.226430744408419346e-04
-6.712080262489524785e+01 2.200694577598621168e-04
-6.593964891773649128e+01 2.322815212264694095e-04
-6.475849521057772051e+01 2.495903549828658568e-04
-6.357734150341896395e+01 2.399014451250594982e-04
-6.239618779626020739e+01 2.600362109233133223e-04
-6.121503408910145083e+01 2.777487492571155772e-04
-6.003388038194268717e+01 3.009617624581063431e-04
-5.885272667478392350e+01 3.278081168557817407e-04
-5.767157296762516694e+01 3.454701921174079308e-04
-5.649041926046640327e+01 3.778674844544434048e-04
-5.530926555330763961e+01 4.005758669336816004e-04
-5.412811184614888305e+01 4.368588158282793736e-04
-5.294695813899012649e+01 4.580533061422307475e-04
-5.176580443183136993e+01 5.021580312241201308e-04
-5.058465072467260626e+01 5.229488169606566440e-04
-4.940349701751384259e+01 5.699804002287646139e-04
-4.822234331035508603e+01 5.978864791421340105e-04
-4.704118960319632237e+01 6.484504774625530696e-04
-4.586003589603755870e+01 7.199061876638827807e-04
-4.467888218887880214e+01 7.795030759038271357e-04
-4.349772848172004558e+01 8.232040964083078925e-04
-4.231657477456128902e+01 8.811861663386177414e-04
-4.113542106740252535e+01 9.415400006611918463e-04
-3.995426736024376169e+01 9.977053999931744226e-04
-3.877311365308500513e+01 1.057605066666175275e-03
-3.759195994592624146e+01 1.117454270266986455e-03
-3.641080623876747779e+01 1.217017911670395351e-03
-3.522965253160872123e+01 1.302502355936666079e-03
-3.404849882444996467e+01 1.400602568246955490e-03
-3.286734511729120811e+01 1.508946784208988054e-03
-3.168619141013244445e+01 1.667299904697490658e-03
-3.050503770297368078e+01 1.906747182172985550e-03
-2.932388399581491711e+01 2.157447724743698919e-03
-2.814273028865615345e+01 2.381756080566377418e-03
-2.696157658149739689e+01 2.630387637177897774e-03
-2.578042287433864033e+01 2.933973479389163658e-03
-2.459926916717988377e+01 3.251588055665378257e-03
-2.341811546002112721e+01 3.555022508660115894e-03
-2.223696175286237064e+01 3.952368738974528645e-03
-2.105580804570361408e+01 4.395686828041345771e-03
-1.987465433854484331e+01 5.001294157226298699e-03
-1.869350063138607254e+01 5.654084458896122684e-03
-1.751234692422731598e+01 6.444487558389981434e-03
-1.633119321706855942e+01 7.273242592737657643e-03
-1.515003950990980286e+01 8.274127166277924633e-03
-1.396888580275104630e+01 9.377704091696505151e-03
-1.278773209559228974e+01 1.093595329742151796e-02
-1.160657838843351897e+01 1.251781922092463223e-02
-1.042542468127474820e+01 1.403726232414654468e-02
-9.244270974115991635e+00 1.625819259368777372e-02
-8.063117266957235074e+00 1.879734299637132733e-02
-6.881963559798478514e+00 2.150266829573069596e-02
-5.700809852639721953e+00 2.448468261983148195e-02
-4.519656145480965392e+00 2.786409363731885691e-02
-3.338502438322208832e+00 3.215501912752267294e-02
-2.157348731163452271e+00 3.698928051584628174e-02
-9.761950240046814997e-01 4.484133454644244343e-02
2.049586831540892717e-01 5.179418709393528164e-02
1.386112390312845832e+00 5.481591585583863585e-02
2.567266097471602393e+00 5.260225226869076620e-02
3.748419804630358954e+00 4.690370984320751946e-02
4.929573511789115514e+00 4.120915400042618471e-02
6.110727218947872075e+00 3.554800471142541274e-02
7.291880926106642846e+00 2.970614716096140265e-02
8.473034633265413618e+00 2.488727700965220543e-02
9.654188340424170178e+00 2.100853389298257268e-02
1.083534204758292674e+01 1.778031023973471528e-02
1.201649575474168330e+01 1.524973855932109344e-02
1.319764946190043986e+01 1.289841171127689007e-02
1.437880316905919642e+01 1.107119433085339798e-02
1.555995687621795298e+01 9.352977186330227455e-03
1.674111058337670954e+01 7.802347904503801994e-03
1.792226429053548031e+01 6.767047515739288942e-03
1.910341799769425108e+01 5.916441971139534822e-03
2.028457170485300765e+01 5.233424289236362700e-03
2.146572541201176421e+01 4.671467517483594498e-03
2.264687911917052077e+01 4.160882153206069654e-03
2.382803282632927733e+01 3.731138630554616930e-03
2.500918653348803389e+01 3.351454475501830423e-03
2.619034024064680466e+01 2.920146597612848730e-03
2.737149394780557543e+01 2.533700390888538392e-03
2.855264765496433199e+01 2.250955797485991536e-03
2.973380136212308855e+01 2.016706216444652620e-03
3.091495506928184511e+01 1.746779243374828490e-03
3.209610877644060167e+01 1.523126907490465016e-03
3.327726248359935823e+01 1.369517315786493309e-03
3.445841619075811479e+01 1.205512331214250417e-03
3.563956989791687135e+01 1.092374123395490780e-03
3.682072360507564213e+01 9.557201239426572079e-04
3.800187731223441290e+01 8.557527779618761144e-04
3.918303101939316946e+01 7.703692598399575165e-04
4.036418472655192602e+01 7.032029107736020379e-04
4.154533843371068258e+01 6.215536599927130998e-04
4.272649214086943914e+01 5.695766956513559874e-04
4.390764584802819570e+01 5.194164019083376401e-04
4.508879955518696647e+01 4.622417411328338228e-04
4.626995326234573724e+01 4.000207731397447796e-04
4.745110696950449380e+01 3.468326950661619504e-04
4.863226067666325036e+01 3.103983569550359829e-04
4.981341438382200693e+01 2.791112522058695968e-04
5.099456809098076349e+01 2.401032974137637843e-04
5.217572179813952005e+01 2.140138890987331257e-04
5.335687550529827661e+01 1.934754187230707022e-04
5.453802921245703317e+01 1.777309402041353796e-04
5.571918291961580394e+01 1.541142224257286688e-04
5.690033662677457471e+01 1.314563030186748050e-04
5.808149033393333127e+01 1.069817130132785305e-04
5.926264404109208783e+01 8.825991323595479071e-05
6.044379774825084439e+01 7.433210531535815191e-05
6.162495145540960095e+01 6.302837714791739568e-05
6.280610516256835751e+01 4.814177085597533669e-05
6.398725886972712829e+01 3.587924431718830646e-05
6.516841257688589906e+01 3.295238613097682814e-05
6.634956628404465562e+01 3.027784330564486725e-05
6.753071999120341218e+01 2.876395114036262287e-05
6.871187369836216874e+01 2.659403903679140785e-05
6.989302740552092530e+01 2.391949621145944357e-05
7.107418111267968186e+01 2.139634260265570745e-05
7.225533481983843842e+01 2.053847037566243372e-05
7.343648852699719498e+01 1.665281381810467800e-05
7.461764223415596575e+01 1.523984779717421586e-05
7.579879594131473652e+01 1.216160039443402149e-05
7.697994964847349308e+01 8.124554620348039299e-06
7.816110335563224965e+01 3.078247402740561566e-06
