-2.733686329515715443e+03 2.761540007326457344e-09
-2.712102486943361328e+03 0.000000000000000000e+00
-2.690518644371008122e+03 0.000000000000000000e+00
-2.668934801798654007e+03 2.761540007326457344e-09
-2.647350959226300802e+03 0.000000000000000000e+00
-2.625767116653947141e+03 0.000000000000000000e+00
-2.604183274081593481e+03 0.000000000000000000e+00
-2.582599431509240276e+03 5.523080014652914687e-09
-2.561015588936886161e+03 5.523080014652914687e-09
-2.539431746364532955e+03 0.000000000000000000e+00
-2.517847903792178840e+03 2.761540007326457344e-09
-2.496264061219825635e+03 0.000000000000000000e+00
-2.474680218647471520e+03 5.523080014652914687e-09
-2.453096376075118314e+03 5.523080014652914687e-09
-2.431512533502764200e+03 0.000000000000000000e+00
-2.409928690930410994e+03 0.000000000000000000e+00
-2.388344848358057334e+03 0.000000000000000000e+00
-2.366761005785703674e+03 8.284620021979370790e-09
-2.345177163213350468e+03 8.284620021979370790e-09
-2.323593320640996353e+03 5.523080014652914687e-09
-2.302009478068643148e+03 5.523080014652914687e-09
-2.280425635496289033e+03 1.104616002930582937e-08
-2.258841792923935827e+03 5.523080014652914687e-09
-2.237257950351581712e+03 2.761540007326457344e-09
-2.215674107779228507e+03 2.761540007326457344e-09
-2.194090265206874847e+03 8.284620021979546152e-09
-2.172506422634521186e+03 5.523080014652798055e-09
-2.150922580062167526e+03 0.000000000000000000e+00
-2.129338737489813866e+03 5.523080014652914687e-09
-2.107754894917460661e+03 2.761540007326457344e-09
-2.086171052345106546e+03 5.523080014652914687e-09
-2.064587209772753340e+03 0.000000000000000000e+00
-2.043003367200399452e+03 1.104616002930582937e-08
-2.021419524628045792e+03 1.380770003663228630e-08
-1.999835682055692132e+03 1.104616002930582937e-08
-1.978251839483338699e+03 1.104616002930594518e-08
-1.956667996910985039e+03 1.104616002930582937e-08
-1.935084154338631379e+03 2.485386006593811402e-08
-1.913500311766277719e+03 8.284620021979458471e-09
-1.891916469193924286e+03 8.284620021979370790e-09
-1.870332626621570626e+03 1.104616002930582937e-08
-1.848748784049216965e+03 5.523080014652914687e-09
-1.827164941476863305e+03 1.380770003663228630e-08
-1.805581098904509645e+03 1.933078005128520016e-08
-1.783997256332155985e+03 2.209232005861165875e-08
-1.762413413759802324e+03 1.380770003663228630e-08
-1.740829571187448892e+03 1.104616002930594518e-08
-1.719245728615095231e+03 4.142310010989685891e-08
-1.697661886042741571e+03 3.313848008791748316e-08
-1.676078043470387911e+03 6.075388016118206238e-08
-1.654494200898034251e+03 3.866156010257081061e-08
-1.632910358325680818e+03 4.694618012454976946e-08
-1.611326515753327158e+03 5.799234015385560380e-08
-1.589742673180973497e+03 3.313848008791748316e-08
-1.568158830608619837e+03 5.246926013920268663e-08
-1.546574988036266177e+03 8.008466021246725924e-08
-1.524991145463912744e+03 8.560774022712107638e-08
-1.503407302891559084e+03 1.049385202784053733e-07
-1.481823460319205424e+03 1.049385202784053733e-07
-1.460239617746851764e+03 1.491231603956286841e-07
-1.438655775174498103e+03 1.104616002930582904e-07
-1.417071932602144443e+03 2.374924406300778205e-07
-1.395488090029791010e+03 1.795001004762197153e-07
-1.373904247457437350e+03 2.264462806007694980e-07
-1.352320404885083690e+03 1.933078005128519950e-07
-1.330736562312730030e+03 2.374924406300753059e-07
-1.309152719740376597e+03 2.651078407033426711e-07
-1.287568877168022937e+03 2.733924607253192543e-07
-1.265985034595669276e+03 3.203386408498690370e-07
-1.244401192023315616e+03 3.617617409597658760e-07
-1.222817349450961956e+03 4.363233211575802181e-07
-1.201233506878608296e+03 4.694618012455026445e-07
-1.179649664306254863e+03 5.164079813700475038e-07
-1.158065821733901203e+03 5.578310814799443958e-07
-1.136481979161547542e+03 5.826849415458825098e-07
-1.114898136589193882e+03 5.799234015385559586e-07
-1.093314294016840222e+03 6.876234618242878566e-07
-1.071730451444486789e+03 7.870389020880485713e-07
-1.050146608872133129e+03 7.566619620074493080e-07
-1.028562766299779469e+03 9.665390025642601075e-07
-1.006978923727425808e+03 9.637774625569334503e-07
-9.853950811550721482e+02 1.010723642681483233e-06
-9.638112385827186017e+02 1.151562183055144863e-06
-9.422273960103650552e+02 1.220600683238294138e-06
-9.206435534380113950e+02 1.400100783714513721e-06
-8.990597108656577348e+02 1.463616203883022388e-06
-8.774758682933040745e+02 1.563031644146774844e-06
-8.558920257209504143e+02 1.841947184886746883e-06
-8.343081831485968678e+02 1.877847204982010578e-06
-8.127243405762433213e+02 2.286555126066306490e-06
-7.911404980038896610e+02 2.532332186718361397e-06
-7.695566554315360008e+02 3.007317067978511691e-06
-7.479728128591823406e+02 3.250332588623240152e-06
-7.263889702868287941e+02 3.849586770213121568e-06
-7.048051277144752476e+02 4.200302351143541588e-06
-6.832212851421215873e+02 4.912779673033767029e-06
-6.616374425697679271e+02 5.059141293422069903e-06
-6.400535999974142669e+02 5.851703275524762683e-06
-6.184697574250606067e+02 6.765773017949819905e-06
-5.968859148527069465e+02 7.574904240096472204e-06
-5.753020722803532863e+02 8.621527902873198803e-06
-5.537182297079998534e+02 9.855936286148332903e-06
-5.321343871356464206e+02 1.115386008959155978e-05
-5.105505445632927604e+02 1.279421485394347594e-05
-4.889667019909391001e+02 1.449532349845657305e-05
-4.673828594185854399e+02 1.643944766361439905e-05
-4.457990168462317797e+02 1.855754884923379067e-05
-4.242151742738781195e+02 2.187691993804019238e-05
-4.026313317015244593e+02 2.545587578753528250e-05
-3.810474891291707991e+02 3.067242486137495682e-05
-3.594636465568171388e+02 3.644956655670190590e-05
-3.378798039844634786e+02 4.380630913621958681e-05
-3.162959614121100458e+02 5.210197531822936535e-05
-2.947121188397566129e+02 6.413124359014231945e-05
-2.731282762674029527e+02 7.677633528369015971e-05
-2.515444336950492925e+02 9.446123749060879196e-05
-2.299605911226956323e+02 1.191135051360120759e-04
-2.083767485503419721e+02 1.527822009053362467e-04
-1.867929059779883119e+02 1.960638174401637995e-04
-1.652090634056346516e+02 2.631775242382187172e-04
-1.436252208332809914e+02 3.629906262630261849e-04
-1.220413782609273312e+02 5.084906461690425405e-04
-1.004575356885738984e+02 7.375382974567291005e-04
-7.887369311622046553e+01 1.100153354278743259e-03
-5.728985054386680531e+01 1.786859984820598785e-03
-3.570600797151314509e+01 3.387987073368441820e-03
-1.412216539915948488e+01 7.567787751497591885e-03
7.461677173194175339e+00 1.395164530951417681e-02
2.904551974554783556e+01 7.568251690218822866e-03
5.062936231790149577e+01 3.542683021498855677e-03
7.221320489025515599e+01 1.826949261106957040e-03
9.379704746260881620e+01 1.013581836589066195e-03
1.153808900349624764e+02 5.876115289189528341e-04
1.369647326073159093e+02 3.597568629144544394e-04
1.585485751796693421e+02 2.277386813241982658e-04
1.801324177520230023e+02 1.484741984939069682e-04
2.017162603243766625e+02 1.005283408867050233e-04
2.233001028967303228e+02 6.602289849516093493e-05
2.448839454690839830e+02 4.291433171385314538e-05
2.664677880414376432e+02 2.909282397718422500e-05
2.880516306137913034e+02 2.052652687445755510e-05
3.096354731861449636e+02 1.429096953791441525e-05
3.312193157584986238e+02 1.059050592809696323e-05
3.528031583308520567e+02 7.768212040609487703e-06
3.743870009032054895e+02 5.349102994191347935e-06
3.959708434755591497e+02 4.062225350777218473e-06
4.175546860479128100e+02 2.910663167722085680e-06
4.391385286202664702e+02 2.054585765450884234e-06
4.607223711926201304e+02 1.565793184154101289e-06
4.823062137649737906e+02 1.041100582762074344e-06
5.038900563373274508e+02 8.063696821393255360e-07
5.254738989096811110e+02 5.467849214506385085e-07
5.470577414820347713e+02 4.418464011722331617e-07
5.686415840543884315e+02 3.065309408132367573e-07
5.902254266267418643e+02 2.181616605787947148e-07
6.118092691990952972e+02 1.187462203150376529e-07
6.333931117714489574e+02 1.021769802710789147e-07
6.549769543438026176e+02 1.132231403003847490e-07
6.765607969161562778e+02 6.075388016118206238e-08
6.981446394885099380e+02 6.075388016118206238e-08
7.197284820608635982e+02 3.037694008059103119e-08
7.413123246332172585e+02 4.142310010989685891e-08
7.628961672055709187e+02 3.037694008059103119e-08
7.844800097779245789e+02 3.037694008059103119e-08
8.060638523502782391e+02 1.933078005128520016e-08
8.276476949226316719e+02 1.656924004395909230e-08
8.492315374949851048e+02 1.933078005128520016e-08
8.708153800673387650e+02 1.380770003663228630e-08
8.923992226396924252e+02 1.380770003663228630e-08
9.139830652120460854e+02 1.104616002930582937e-08
9.355669077843997457e+02 2.209232005861165875e-08
9.571507503567534059e+02 1.380770003663228630e-08
9.787345929291070661e+02 1.656924004395874158e-08
1.000318435501460726e+03 1.656924004395874158e-08
1.021902278073814387e+03 8.284620021979370790e-09
1.043486120646168047e+03 1.104616002930582937e-08
1.065069963218521480e+03 8.284620021979546152e-09
1.086653805790874912e+03 2.761540007326457344e-09
1.108237648363228573e+03 5.523080014652914687e-09
1.129821490935582233e+03 1.380770003663228630e-08
1.151405333507935893e+03 2.761540007326457344e-09
1.172989176080289553e+03 1.380770003663228630e-08
1.194573018652643213e+03 1.656924004395874158e-08
1.216156861224996874e+03 2.761540007326457344e-09
1.237740703797350534e+03 1.104616002930582937e-08
1.259324546369704194e+03 5.523080014652914687e-09
1.280908388942057627e+03 2.761540007326515246e-09
1.302492231514411060e+03 1.104616002930582937e-08
1.324076074086764720e+03 5.523080014652914687e-09
1.345659916659118380e+03 2.761540007326457344e-09
1.367243759231472268e+03 5.523080014652798055e-09
1.388827601803825928e+03 2.761540007326515246e-09
1.410411444376179134e+03 2.761540007326515246e-09
1.431995286948532794e+03 0.000000000000000000e+00
1.453579129520886454e+03 5.523080014653030492e-09
1.475162972093240114e+03 5.523080014652798055e-09
1.496746814665593774e+03 2.761540007326515246e-09
1.518330657237947435e+03 0.000000000000000000e+00
1.539914499810301095e+03 2.761540007326515246e-09
1.561498342382654755e+03 2.761540007326427979e-09
