-1.287366274350831918e+04 7.009589065981100580e-10
-1.278862973484784925e+04 7.009589065981100580e-10
-1.270359672618738114e+04 1.401917813196250101e-09
-1.261856371752691120e+04 0.000000000000000000e+00
-1.253353070886644127e+04 7.009589065981100580e-10
-1.244849770020597134e+04 7.009589065981100580e-10
-1.236346469154550141e+04 1.401917813196250101e-09
-1.227843168288503330e+04 0.000000000000000000e+00
-1.219339867422456336e+04 7.009589065981100580e-10
-1.210836566556409343e+04 0.000000000000000000e+00
-1.202333265690362350e+04 0.000000000000000000e+00
-1.193829964824315539e+04 7.009589065981250507e-10
-1.185326663958268546e+04 7.009589065981100580e-10
-1.176823363092221553e+04 0.000000000000000000e+00
-1.168320062226174559e+04 1.401917813196220116e-09
-1.159816761360127566e+04 0.000000000000000000e+00
-1.151313460494080755e+04 2.102876719794330174e-09
-1.142810159628033762e+04 2.102876719794330174e-09
-1.134306858761986769e+04 2.803835626392440232e-09
-1.125803557895939775e+04 1.401917813196220116e-09
-1.117300257029892964e+04 3.504794532990625150e-09
-1.108796956163845971e+04 2.102876719794330174e-09
-1.100293655297798978e+04 2.803835626392440232e-09
-1.091790354431751985e+04 3.504794532990550290e-09
-1.083287053565704991e+04 3.504794532990625150e-09
-1.074783752699658180e+04 4.906712346186769992e-09
-1.066280451833611187e+04 1.401917813196220116e-09
-1.057777150967564194e+04 3.504794532990550290e-09
-1.049273850101517201e+04 4.205753439588660348e-09
-1.040770549235470207e+04 3.504794532990550290e-09
-1.032267248369423396e+04 4.906712346186875044e-09
-1.023763947503376403e+04 4.205753439588660348e-09
-1.015260646637329410e+04 2.803835626392440232e-09
-1.006757345771282417e+04 4.906712346186875044e-09
-9.982540449052356053e+03 2.102876719794330174e-09
-9.897507440391886121e+03 8.411506879177320696e-09
-9.812474431731416189e+03 5.607671252784880464e-09
-9.727441423070946257e+03 2.803835626392440232e-09
-9.642408414410476325e+03 7.009589065981100580e-09
-9.557375405750008213e+03 8.411506879177501022e-09
-9.472342397089538281e+03 7.710547972579211052e-09
-9.387309388429068349e+03 1.191630141216787057e-08
-9.302276379768598417e+03 1.051438359897187628e-08
-9.217243371108130304e+03 1.121534250556976093e-08
-9.132210362447660373e+03 1.261726031876598022e-08
-9.047177353787190441e+03 1.331821922536409152e-08
-8.962144345126720509e+03 1.331821922536409152e-08
-8.877111336466250577e+03 9.112465785775430341e-09
-8.792078327805780646e+03 1.401917813196220116e-08
-8.707045319145312533e+03 1.051438359897187628e-08
-8.622012310484842601e+03 1.401917813196220116e-08
-8.536979301824372669e+03 1.682301375835500204e-08
-8.451946293163904556e+03 2.172972610454141056e-08
-8.366913284503434625e+03 1.892589047814897198e-08
-8.281880275842964693e+03 2.383260282433574115e-08
-8.196847267182494761e+03 1.682301375835464139e-08
-8.111814258522024829e+03 2.733739735732658550e-08
-8.026781249861555807e+03 2.803835626392440232e-08
-7.941748241201086785e+03 2.032780829134540964e-08
-7.856715232540616853e+03 2.593547954413007173e-08
-7.771682223880146921e+03 3.855273986289646554e-08
-7.686649215219677899e+03 2.663643845072818303e-08
-7.601616206559208877e+03 3.574890423650399388e-08
-7.516583197898738945e+03 2.593547954413007173e-08
-7.431550189238269013e+03 3.294506861011117149e-08
-7.346517180577799081e+03 3.154315079691528638e-08
-7.261484171917330059e+03 4.275849330248470982e-08
-7.176451163256861037e+03 4.976808236846634558e-08
-7.091418154596391105e+03 4.626328783547525969e-08
-7.006385145935921173e+03 4.696424674207387392e-08
-6.921352137275452151e+03 6.448821940702612037e-08
-6.836319128614983129e+03 5.607671252784940021e-08
-6.751286119954513197e+03 6.378726050042800908e-08
-6.666253111294043265e+03 7.430164409939966532e-08
-6.581220102633573333e+03 6.659109612682116895e-08
-6.496187093973104311e+03 6.799301394001667687e-08
-6.411154085312635289e+03 7.920835644558727821e-08
-6.326121076652165357e+03 7.710547972579211052e-08
-6.241088067991695425e+03 9.462945239074587237e-08
-6.156055059331226403e+03 1.065457538029127321e-07
-6.071022050670756471e+03 1.156582195886881525e-07
-5.985989042010287449e+03 1.184620552150818683e-07
-5.900956033349817517e+03 1.408927402262201064e-07
-5.815923024689347585e+03 1.401917813196235038e-07
-5.730890016028878563e+03 1.408927402262201064e-07
-5.645857007368409541e+03 1.759406855561274977e-07
-5.560823998707939609e+03 1.913617815012840405e-07
-5.475790990047469677e+03 1.941656171276764857e-07
-5.390757981386999745e+03 2.158953432322202123e-07
-5.305724972726530723e+03 2.383260282433574181e-07
-5.220691964066061701e+03 2.733739735732658417e-07
-5.135658955405591769e+03 2.922998640514119087e-07
-5.050625946745121837e+03 3.574890423650399388e-07
-4.965592938084652815e+03 3.637976725244191023e-07
-4.880559929424183792e+03 3.876302753487590158e-07
-4.795526920763713861e+03 4.317906864644357660e-07
-4.710493912103243929e+03 4.598290427283601650e-07
-4.625460903442773997e+03 4.871664400856864792e-07
-4.540427894782304975e+03 5.621690430916963260e-07
-4.455394886121835953e+03 6.035256185809727959e-07
-4.370361877461366021e+03 6.603032900154196258e-07
-4.285328868800896089e+03 7.941864411756586457e-07
-4.200295860140427067e+03 8.124113727472269566e-07
-4.115262851479958044e+03 9.273686334292996336e-07
-4.030229842819488113e+03 9.869501404901390146e-07
-3.945196834159018181e+03 1.033914387232212339e-06
-3.860163825498548249e+03 1.204247401535553041e-06
-3.775130816838079227e+03 1.333223840349633895e-06
-3.690097808177610204e+03 1.474817539482423420e-06
-3.605064799517140273e+03 1.664777403170511344e-06
-3.520031790856670341e+03 1.822493157155086200e-06
-3.434998782196200409e+03 1.976704116606670157e-06
-3.349965773535731387e+03 2.173673569360785833e-06
-3.264932764875262365e+03 2.514339597967420649e-06
-3.179899756214792433e+03 2.697289872589527407e-06
-3.094866747554322501e+03 3.108752750762618184e-06
-3.009833738893853479e+03 3.384930559962345875e-06
-2.924800730233384456e+03 3.855273986289605261e-06
-2.839767721572914525e+03 4.317205905737759416e-06
-2.754734712912444593e+03 4.813484811609221474e-06
-2.669701704251974661e+03 5.366541388915130151e-06
-2.584668695591505639e+03 6.080818514738735028e-06
-2.499635686931036616e+03 7.009589065981100706e-06
-2.414602678270566685e+03 7.831112904514085136e-06
-2.329569669610096753e+03 8.806146743592056656e-06
-2.244536660949627731e+03 9.985159624490290401e-06
-2.159503652289158708e+03 1.152236250665973294e-05
-2.074470643628688777e+03 1.316611114263230078e-05
-1.989437634968218845e+03 1.513650662907958897e-05
-1.904404626307748913e+03 1.734592910267683112e-05
-1.819371617647279891e+03 2.020373856487775644e-05
-1.734338608986810868e+03 2.343165432976162098e-05
-1.649305600326340937e+03 2.689579324616948061e-05
-1.564272591665871005e+03 3.174923271545479340e-05
-1.479239583005401983e+03 3.718516903612393540e-05
-1.394206574344932960e+03 4.405877207422420540e-05
-1.309173565684463028e+03 5.173287018366031615e-05
-1.224140557023993097e+03 6.138928008095588258e-05
-1.139107548363523165e+03 7.280930258725229248e-05
-1.054074539703054143e+03 8.800819455902099528e-05
-9.690415310425851203e+02 1.061020468150361226e-04
-8.840085223821151885e+02 1.296388449807874693e-04
-7.989755137216452567e+02 1.591954782364033826e-04
-7.139425050611762344e+02 1.992622893375556141e-04
-6.289094964007072122e+02 2.516246206193367804e-04
-5.438764877402372804e+02 3.225588581314390874e-04
-4.588434790797673486e+02 4.209769934123467304e-04
-3.738104704192974168e+02 5.636585807682052045e-04
-2.887774617588283945e+02 7.736427375410978059e-04
-2.037444530983593722e+02 1.079051935063690898e-03
-1.187114444378894405e+02 1.501678985742169745e-03
-3.367843577741950867e+01 1.954663865706505761e-03
5.135457288305042312e+01 1.577590031491118549e-03
1.363875815435194454e+02 8.719984874793202789e-04
2.214205902039884677e+02 4.832046203455939485e-04
3.064535988644583995e+02 2.815303314104385308e-04
3.914866075249283313e+02 1.688918427913750251e-04
4.765196161853973535e+02 1.042732450277238825e-04
5.615526248458663758e+02 6.588102475443656644e-05
6.465856335063363076e+02 4.269400508307768453e-05
7.316186421668062394e+02 2.841056544332799788e-05
8.166516508272761712e+02 1.909622349245231252e-05
9.016846594877451935e+02 1.315209196450061924e-05
9.867176681482142158e+02 9.260368115067631295e-06
1.071750676808684148e+03 6.436204680383846034e-06
1.156783685469154079e+03 4.601795221816592339e-06
1.241816694129623102e+03 3.239131107389935760e-06
1.326849702790092124e+03 2.402887131818321403e-06
1.411882711450562056e+03 1.732069458203929816e-06
1.496915720111031987e+03 1.275044251101962203e-06
1.581948728771501919e+03 8.663852085552639771e-07
1.666981737431970942e+03 6.589013722022375381e-07
1.752014746092439964e+03 5.299249333881711890e-07
1.837047754752909896e+03 3.666015081508115475e-07
1.922080763413379827e+03 2.796826037326459053e-07
2.007113772073849759e+03 2.404289049631517255e-07
2.092146780734318781e+03 1.710339732099425186e-07
2.177179789394787804e+03 1.135553428688938319e-07
2.262212798055257736e+03 9.603137020394107588e-08
2.347245806715727667e+03 7.780643863239020858e-08
2.432278815376196690e+03 5.257191799485937973e-08
2.517311824036665712e+03 3.995465767609227124e-08
2.602344832697135644e+03 3.364602751670928278e-08
2.687377841357605575e+03 3.084219189031684421e-08
2.772410850018075507e+03 2.102876719794330257e-08
2.857443858678544530e+03 2.313164391773812615e-08
2.942476867339013552e+03 1.542109594515842210e-08
3.027509875999483484e+03 9.112465785775430341e-09
3.112542884659953415e+03 9.112465785775430341e-09
3.197575893320422438e+03 9.112465785775625555e-09
3.282608901980891460e+03 9.112465785775430341e-09
3.367641910641361392e+03 8.411506879177320696e-09
3.452674919301831324e+03 6.308630159382990109e-09
3.537707927962301255e+03 5.607671252784880464e-09
3.622740936622771187e+03 7.009589065981100580e-09
3.707773945283241119e+03 4.205753439588660348e-09
3.792806953943709232e+03 2.102876719794419923e-09
3.877839962604177344e+03 4.205753439588660348e-09
3.962872971264647276e+03 2.102876719794330174e-09
4.047905979925118118e+03 1.401917813196197575e-09
