-8.981503753069988306e+03 1.083350269687563698e-09
-8.926484941109401916e+03 0.000000000000000000e+00
-8.871466129148815526e+03 0.000000000000000000e+00
-8.816447317188227316e+03 0.000000000000000000e+00
-8.761428505227639107e+03 0.000000000000000000e+00
-8.706409693267054536e+03 0.000000000000000000e+00
-8.651390881306466326e+03 0.000000000000000000e+00
-8.596372069345878117e+03 0.000000000000000000e+00
-8.541353257385293546e+03 0.000000000000000000e+00
-8.486334445424705336e+03 0.000000000000000000e+00
-8.431315633464117127e+03 0.000000000000000000e+00
-8.376296821503530737e+03 0.000000000000000000e+00
-8.321278009542944346e+03 0.000000000000000000e+00
-8.266259197582356137e+03 0.000000000000000000e+00
-8.211240385621769747e+03 0.000000000000000000e+00
-8.156221573661182447e+03 1.083350269687563698e-09
-8.101202761700595147e+03 0.000000000000000000e+00
-8.046183949740008757e+03 0.000000000000000000e+00
-7.991165137779420547e+03 0.000000000000000000e+00
-7.936146325818834157e+03 1.083350269687545914e-09
-7.881127513858246857e+03 0.000000000000000000e+00
-7.826108701897659557e+03 0.000000000000000000e+00
-7.771089889937073167e+03 1.083350269687545914e-09
-7.716071077976485867e+03 0.000000000000000000e+00
-7.661052266015898567e+03 0.000000000000000000e+00
-7.606033454055312177e+03 0.000000000000000000e+00
-7.551014642094723968e+03 1.083350269687545914e-09
-7.495995830134137577e+03 0.000000000000000000e+00
-7.440977018173550277e+03 1.083350269687563698e-09
-7.385958206212962978e+03 1.083350269687545914e-09
-7.330939394252376587e+03 1.083350269687545914e-09
-7.275920582291788378e+03 1.083350269687545914e-09
-7.220901770331201988e+03 2.166700539375091827e-09
-7.165882958370614688e+03 1.083350269687563698e-09
-7.110864146410027388e+03 2.166700539375091827e-09
-7.055845334449440998e+03 0.000000000000000000e+00
-7.000826522488853698e+03 0.000000000000000000e+00
-6.945807710528266398e+03 2.166700539375055845e-09
-6.890788898567679098e+03 0.000000000000000000e+00
-6.835770086607091798e+03 4.333401078750183655e-09
-6.780751274646505408e+03 0.000000000000000000e+00
-6.725732462685918108e+03 4.333401078750254792e-09
-6.670713650725330808e+03 2.166700539375055845e-09
-6.615694838764743508e+03 2.166700539375127396e-09
-6.560676026804156209e+03 3.250050809062637741e-09
-6.505657214843569818e+03 3.250050809062637741e-09
-6.450638402882982518e+03 4.333401078750254792e-09
-6.395619590922395219e+03 6.500101618125275482e-09
-6.340600778961808828e+03 1.083350269687545914e-09
-6.285581967001221528e+03 3.250050809062691508e-09
-6.230563155040634228e+03 5.416751348437639406e-09
-6.175544343080046929e+03 3.250050809062691508e-09
-6.120525531119459629e+03 6.500101618125275482e-09
-6.065506719158873238e+03 3.250050809062637741e-09
-6.010487907198285939e+03 5.416751348437818904e-09
-5.955469095237698639e+03 2.166700539375055845e-09
-5.900450283277111339e+03 3.250050809062691508e-09
-5.845431471316524039e+03 5.416751348437729569e-09
-5.790412659355937649e+03 7.583451887812821396e-09
-5.735393847395350349e+03 7.583451887812947127e-09
-5.680375035434763049e+03 5.416751348437729569e-09
-5.625356223474176659e+03 6.500101618125275482e-09
-5.570337411513589359e+03 8.666802157500509585e-09
-5.515318599553002059e+03 4.333401078750111690e-09
-5.460299787592414759e+03 7.583451887812947127e-09
-5.405280975631827459e+03 5.416751348437729569e-09
-5.350262163671241069e+03 4.333401078750183655e-09
-5.295243351710653769e+03 1.191685296656320192e-08
-5.240224539750066469e+03 5.416751348437639406e-09
-5.185205727789479170e+03 7.583451887812947127e-09
-5.130186915828891870e+03 1.300020323625055096e-08
-5.075168103868305479e+03 1.191685296656300505e-08
-5.020149291907718180e+03 1.083350269687563781e-08
-4.965130479947130880e+03 1.191685296656300505e-08
-4.910111667986544489e+03 1.083350269687545914e-08
-4.855092856025956280e+03 1.408355350593809688e-08
-4.800074044065369890e+03 9.750152427187913223e-09
-4.745055232104782590e+03 1.300020323625076603e-08
-4.690036420144195290e+03 8.666802157500367310e-09
-4.635017608183608900e+03 1.516690377562564279e-08
-4.579998796223020690e+03 8.666802157500367310e-09
-4.524979984262434300e+03 1.300020323625076603e-08
-4.469961172301847910e+03 2.166700539375091827e-08
-4.414942360341259700e+03 2.275035566343846253e-08
-4.359923548380673310e+03 2.275035566343846253e-08
-4.304904736420085101e+03 1.950030485437582645e-08
-4.249885924459498710e+03 1.950030485437614739e-08
-4.194867112498912320e+03 2.166700539375091827e-08
-4.139848300538324111e+03 2.708375674218864619e-08
-4.084829488577737266e+03 1.733360431500073462e-08
-4.029810676617150420e+03 3.250050809062691012e-08
-3.974791864656563575e+03 3.466720863000146924e-08
-3.919773052695976276e+03 3.466720863000146924e-08
-3.864754240735388976e+03 2.925045728156373802e-08
-3.809735428774802131e+03 4.333401078750255123e-08
-3.754716616814215286e+03 4.875076213593956446e-08
-3.699697804853627986e+03 6.066761510250257117e-08
-3.644678992893040686e+03 6.500101618125274820e-08
-3.589660180932453386e+03 6.608436645094029246e-08
-3.534641368971866541e+03 7.583451887812946135e-08
-3.479622557011279696e+03 7.258446806906557126e-08
-3.424603745050692396e+03 8.775137184469121736e-08
-3.369584933090105096e+03 8.016791995687839431e-08
-3.314566121129518251e+03 1.007515750809434293e-07
-3.259547309168931406e+03 7.908456968719085005e-08
-3.204528497208344106e+03 1.018349253506293060e-07
-3.149509685247756806e+03 1.256686312837553194e-07
-3.094490873287169507e+03 1.365021339806307884e-07
-3.039472061326582661e+03 1.300020323625076405e-07
-2.984453249365995816e+03 1.495023372168813195e-07
-2.929434437405408516e+03 1.505856874865688638e-07
-2.874415625444821217e+03 1.570857891046941558e-07
-2.819396813484234372e+03 1.668359415318848070e-07
-2.764378001523647526e+03 1.776694442287575232e-07
-2.709359189563060227e+03 2.069199015103212712e-07
-2.654340377602472927e+03 2.015031501618835234e-07
-2.599321565641886082e+03 2.253368560950132558e-07
-2.544302753681299237e+03 2.285869069040721828e-07
-2.489283941720711937e+03 2.643374658037611699e-07
-2.434265129760124637e+03 3.065881263215755018e-07
-2.379246317799537337e+03 2.925045728156373735e-07
-2.324227505838950492e+03 3.445053857606452684e-07
-2.269208693878363647e+03 3.835059954693912501e-07
-2.214189881917776347e+03 4.019229500540795026e-07
-2.159171069957189047e+03 4.290067067962681620e-07
-2.104152257996602202e+03 5.059245759440923277e-07
-2.049133446036015357e+03 5.785090440131494815e-07
-1.994114634075428057e+03 6.261764558794015348e-07
-1.939095822114840757e+03 6.857607207122165220e-07
-1.884077010154253458e+03 7.973457984900337395e-07
-1.829058198193666612e+03 9.002640741103655320e-07
-1.774039386233079767e+03 9.630983897522282759e-07
-1.719020574272492468e+03 1.046516360518169343e-06
-1.664001762311905168e+03 1.206852200431926105e-06
-1.608982950351318323e+03 1.399688548436332382e-06
-1.553964138390731478e+03 1.574107941856004085e-06
-1.498945326430144178e+03 1.735527132039448550e-06
-1.443926514469556878e+03 2.064865614024462217e-06
-1.388907702508969578e+03 2.345453333873536868e-06
-1.333888890548382733e+03 2.680208567207032673e-06
-1.278870078587795888e+03 3.033380755125128585e-06
-1.223851266627208588e+03 3.584806042396089195e-06
-1.168832454666621288e+03 4.127564527509549451e-06
-1.113813642706034443e+03 4.740740780152778806e-06
-1.058794830745447598e+03 5.571670437003048226e-06
-1.003776018784860298e+03 6.530435425676526324e-06
-9.487572068242729983e+02 7.682036762354388043e-06
-8.937383948636861533e+02 9.314645618773673784e-06
-8.387195829030988534e+02 1.115092432589372508e-05
-7.837007709425115536e+02 1.314970557346764886e-05
-7.286819589819251632e+02 1.589816520766499814e-05
-6.736631470213378634e+02 1.981664313312426207e-05
-6.186443350607505636e+02 2.486938879094771431e-05
-5.636255231001632637e+02 3.198808341306363955e-05
-5.086067111395759639e+02 4.190398843151496962e-05
-4.535878991789895736e+02 5.468860496409790934e-05
-3.985690872184022737e+02 7.538167846539756719e-05
-3.435502752578149739e+02 1.052983961628221318e-04
-2.885314632972285835e+02 1.535909011346846655e-04
-2.335126513366412837e+02 2.397378312299621253e-04
-1.784938393760539839e+02 4.011451045604504627e-04
-1.234750274154666840e+02 7.485354520892490001e-04
-6.845621545487938420e+01 1.679640341677104834e-03
-1.343740349429299386e+01 5.854217937490083928e-03
4.158140846629430598e+01 5.333662716153685264e-03
9.660022042688160582e+01 1.790055401163661349e-03
1.516190323874689057e+02 7.296873240972254248e-04
2.066378443480562055e+02 3.417915933350779362e-04
2.616566563086425958e+02 1.761765875571309889e-04
3.166754682692298957e+02 9.797494833973097032e-05
3.716942802298171955e+02 5.820407658923405330e-05
4.267130921904044953e+02 3.571155828997967343e-05
4.817319041509917952e+02 2.240910032848725635e-05
5.367507161115781855e+02 1.475848072395368104e-05
5.917695280721654854e+02 1.007082410701525982e-05
6.467883400327527852e+02 6.791522840671337093e-06
7.018071519933391755e+02 4.734240678534653858e-06
7.568259639539264754e+02 3.387636293312899706e-06
8.118447759145137752e+02 2.450538310033269266e-06
8.668635878751010750e+02 1.776694442287545904e-06
9.218823998356883749e+02 1.264269764725386862e-06
9.769012117962747652e+02 9.815153443369327808e-07
1.031920023756862065e+03 7.225946298815811684e-07
1.086938835717449365e+03 5.590087391587828963e-07
1.141957647678036665e+03 4.517570624596991799e-07
1.196976459638623965e+03 3.228383803668940126e-07
1.251995271599210355e+03 2.426704604100143081e-07
1.307014083559797655e+03 1.711693426106294254e-07
1.362032895520384955e+03 1.549190885653216084e-07
1.417051707480971345e+03 1.007515750809434293e-07
1.472070519441558645e+03 8.666802157500223049e-08
1.527089331402145945e+03 6.283431564187869201e-08
1.582108143362733244e+03 5.091746267531381257e-08
1.637126955323320544e+03 3.791725943906473067e-08
1.692145767283906935e+03 2.708375674218909287e-08
1.747164579244494234e+03 9.750152427187751096e-09
1.802183391205081534e+03 1.516690377562589425e-08
1.857202203165668834e+03 5.416751348437639406e-09
1.912221015126256134e+03 2.166700539375127396e-09
1.967239827086842524e+03 6.500101618125409485e-09
