4.060109135269162728e+00 9.490001486738480763e-03
1.212674549557131343e+01 1.864763686610709792e-02
2.019338185587346146e+01 1.743264334068432217e-02
2.826001821617561305e+01 1.431782590449266236e-02
3.632665457647776464e+01 1.141214766714043066e-02
4.439329093677991267e+01 9.062073011555211999e-03
5.245992729708206070e+01 7.218265362318327001e-03
6.052656365738421584e+01 5.768182353067278709e-03
6.859320001768637098e+01 4.656960411466613305e-03
7.665983637798851191e+01 3.804435915123431568e-03
8.472647273829065284e+01 3.129122604682095000e-03
9.279310909859282219e+01 2.608476539510234428e-03
1.008597454588949631e+02 2.190198141831366501e-03
1.089263818191971041e+02 1.852068588478782531e-03
1.169930181794992592e+02 1.566475061968643874e-03
1.250596545398014143e+02 1.326789599420816678e-03
1.331262909001035553e+02 1.141620424642827503e-03
1.411929272604057246e+02 9.782562871661034439e-04
1.492595636207078655e+02 8.439532177022292248e-04
1.573261999810100065e+02 7.300291021105662992e-04
1.653928363413121474e+02 6.308756641079355616e-04
1.734594727016143167e+02 5.483992742886265124e-04
1.815261090619164577e+02 4.817428047885362243e-04
1.895927454222186270e+02 4.251575876915730410e-04
1.976593817825207680e+02 3.728358428151595859e-04
2.057260181428229089e+02 3.327281700021133691e-04
2.137926545031250498e+02 2.955982776134698079e-04
2.218592908634271907e+02 2.625914658124597922e-04
2.299259272237293601e+02 2.330427216010804662e-04
2.379925635840315010e+02 2.073141076115766058e-04
2.460591999443336704e+02 1.854869032103713552e-04
2.541258363046358113e+02 1.648936673721332997e-04
2.621924726649379522e+02 1.469235383593609184e-04
2.702591090252400932e+02 1.317021297383448575e-04
2.783257453855422341e+02 1.215052637689263205e-04
2.863923817458444319e+02 1.077764398767664061e-04
2.944590181061465728e+02 9.714362094198943770e-05
3.025256544664487137e+02 8.870534490063005436e-05
3.105922908267508546e+02 8.106508445687732062e-05
3.186589271870529956e+02 7.309970654743298639e-05
3.267255635473551365e+02 6.622790556804223966e-05
3.347921999076572774e+02 6.062701831817279862e-05
3.428588362679594752e+02 5.506307623486007016e-05
3.509254726282616161e+02 4.924790701896703861e-05
3.589921089885637571e+02 4.493271156524209517e-05
3.670587453488658980e+02 4.045495737867134471e-05
3.751253817091680389e+02 3.753628922075806859e-05
3.831920180694702367e+02 3.471367849588980029e-05
3.912586544297723776e+02 3.192801293757787864e-05
3.993252907900745186e+02 2.938618547853442020e-05
4.073919271503766595e+02 2.733203421802836590e-05
4.154585635106788004e+02 2.532960619070052539e-05
4.235251998709809413e+02 2.272127743185650830e-05
4.315918362312830823e+02 2.123608173631076843e-05
4.396584725915852232e+02 1.942576857507328237e-05
4.477251089518874210e+02 1.772629091350366398e-05
4.557917453121895619e+02 1.638148685087020706e-05
4.638583816724917028e+02 1.483717888883508097e-05
4.719250180327938438e+02 1.347759675957927581e-05
4.799916543930959847e+02 1.318942446044353576e-05
4.880582907533981825e+02 1.199979009734462197e-05
4.961249271137003234e+02 1.052937246842130996e-05
5.041915634740024643e+02 1.028553436915260620e-05
5.122581998343046052e+02 9.280625838833164105e-06
5.203248361946066325e+02 9.214124539032542773e-06
5.283914725549088871e+02 8.556500574338159177e-06
5.364581089152109143e+02 7.743706910109146067e-06
5.445247452755131690e+02 7.241252644949391985e-06
5.525913816358151962e+02 6.613184813499699806e-06
5.606580179961174508e+02 6.014673115294699043e-06
5.687246543564195917e+02 5.430939483711966909e-06
5.767912907167217327e+02 5.290547850799759336e-06
5.848579270770239873e+02 4.573811619615993754e-06
5.929245634373260145e+02 4.544255486371302338e-06
6.009911997976282692e+02 4.056579287833893964e-06
6.090578361579302964e+02 3.805352155254016923e-06
6.171244725182325510e+02 3.428511456384201785e-06
6.251911088785345783e+02 3.288119823471917556e-06
6.332577452388368329e+02 2.985169457713830959e-06
6.413243815991388601e+02 2.881722991357411001e-06
6.493910179594411147e+02 2.482715192554077300e-06
6.574576543197431420e+02 2.068929327128397468e-06
6.655242906800453966e+02 2.179764826795990280e-06
6.735909270403475375e+02 1.906370594282567995e-06
6.816575634006496784e+02 1.729033794814446601e-06
6.897241997609519331e+02 1.647754428391545205e-06
6.977908361212539603e+02 1.566475061968644021e-06
7.058574724815562149e+02 1.307858896077594126e-06
7.139241088418582422e+02 1.219190496343520088e-06
7.219907452021604968e+02 1.189634363098828671e-06
7.300573815624625240e+02 1.226579529654692942e-06
7.381240179227647786e+02 9.901304636971618208e-07
7.461906542830668059e+02 9.384072305189517359e-07
7.542572906433690605e+02 9.605743304524704042e-07
7.623239270036710877e+02 7.462923644284577398e-07
7.703905633639733423e+02 6.576239646943742785e-07
7.784571997242755970e+02 7.462923644284577398e-07
7.865238360845776242e+02 5.024542651597537646e-07
7.945904724448798788e+02 5.911226648938279085e-07
8.026571088051819061e+02 5.246213650932722211e-07
8.107237451654841607e+02 4.063968321145066606e-07
8.187903815257861879e+02 4.507310319815437855e-07
8.268570178860884425e+02 4.285639320480252231e-07
8.349236542463904698e+02 3.694516655586424428e-07
8.429902906066927244e+02 3.029503657580868084e-07
8.510569269669947516e+02 2.881722991357411001e-07
8.591235633272970063e+02 3.916187654921610053e-07
8.671901996875990335e+02 2.807832658245682459e-07
8.752568360479012881e+02 2.216709993351823423e-07
8.833234724082035427e+02 2.068929327128397574e-07
8.913901087685055700e+02 1.995038994016669032e-07
8.994567451288078246e+02 1.625587328458026590e-07
9.075233814891098518e+02 2.068929327128397574e-07
9.155900178494121064e+02 1.625587328458026590e-07
9.236566542097141337e+02 1.330025996011112688e-07
9.317232905700163883e+02 1.034464663564198787e-07
9.397899269303184155e+02 1.034464663564198787e-07
9.478565632906206702e+02 9.605743304524703778e-08
9.559231996509226974e+02 1.477806662234569771e-07
9.639898360112249520e+02 8.866839973407418363e-08
9.720564723715269793e+02 1.108354996675927328e-07
9.801231087318292339e+02 1.108354996675911711e-07
9.881897450921314885e+02 8.127936642290132948e-08
9.962563814524335157e+02 5.911226648938278688e-08
1.004323017812735770e+03 5.172323317820993935e-08
1.012389654173037798e+03 5.172323317820993935e-08
1.020456290533339939e+03 7.389033311172953412e-08
1.028522926893642079e+03 6.650129980055469473e-08
1.036589563253944334e+03 6.650129980055469473e-08
1.044656199614246361e+03 1.034464663564213345e-07
1.052722835974548616e+03 6.650129980055469473e-08
1.060789472334850871e+03 8.127936642290248091e-08
1.068856108695152898e+03 5.911226648938195970e-08
1.076922745055454925e+03 6.650129980055657409e-08
1.084989381415757180e+03 5.911226648938195970e-08
1.093056017776059434e+03 3.694516655586476706e-08
1.101122654136361461e+03 4.433419986703646977e-08
1.109189290496663489e+03 7.389033311172953412e-08
1.117255926856965743e+03 2.216709993351823489e-08
1.125322563217267998e+03 7.389033311172952585e-09
1.133389199577570025e+03 5.172323317820921143e-08
1.141455835937872280e+03 2.216709993351823489e-08
1.149522472298174307e+03 5.172323317821066727e-08
1.157589108658476562e+03 2.955613324469097985e-08
1.165655745018778816e+03 6.650129980055657409e-08
1.173722381379080844e+03 7.389033311172744962e-09
1.181789017739382871e+03 4.433419986703771385e-08
1.189855654099685125e+03 6.650129980055469473e-08
1.197922290459987380e+03 2.955613324469181034e-08
1.205988926820289407e+03 1.477806662234548992e-08
1.214055563180591435e+03 3.694516655586476706e-08
1.222122199540893689e+03 2.955613324469097985e-08
1.230188835901195944e+03 1.477806662234590517e-08
1.238255472261497971e+03 1.477806662234548992e-08
1.246322108621800226e+03 3.694516655586372150e-08
1.254388744982102253e+03 2.955613324469181034e-08
1.262455381342404507e+03 1.477806662234548992e-08
1.270522017702706762e+03 1.477806662234590517e-08
1.278588654063008789e+03 2.955613324469097985e-08
1.286655290423310817e+03 1.477806662234590517e-08
1.294721926783613071e+03 1.477806662234548992e-08
1.302788563143915326e+03 1.477806662234590517e-08
1.310855199504217353e+03 0.000000000000000000e+00
1.318921835864519380e+03 2.216709993351885693e-08
1.326988472224821635e+03 1.477806662234548992e-08
1.335055108585123889e+03 7.389033311172952585e-09
1.343121744945425917e+03 7.389033311172744962e-09
1.351188381305728171e+03 7.389033311172744962e-09
1.359255017666030199e+03 1.477806662234590517e-08
1.367321654026332453e+03 3.694516655586372150e-08
1.375388290386634708e+03 7.389033311172952585e-09
1.383454926746936735e+03 7.389033311172744962e-09
1.391521563107238762e+03 7.389033311172952585e-09
1.399588199467541017e+03 7.389033311172744962e-09
1.407654835827843272e+03 0.000000000000000000e+00
1.415721472188145299e+03 0.000000000000000000e+00
1.423788108548447326e+03 0.000000000000000000e+00
1.431854744908749581e+03 0.000000000000000000e+00
1.439921381269051835e+03 2.216709993351885693e-08
1.447988017629353863e+03 0.000000000000000000e+00
1.456054653989656117e+03 0.000000000000000000e+00
1.464121290349958144e+03 0.000000000000000000e+00
1.472187926710260399e+03 7.389033311172744962e-09
1.480254563070562654e+03 0.000000000000000000e+00
1.488321199430864681e+03 7.389033311172744962e-09
1.496387835791166708e+03 7.389033311172952585e-09
1.504454472151468963e+03 7.389033311172744962e-09
1.512521108511771217e+03 7.389033311172952585e-09
1.520587744872073245e+03 0.000000000000000000e+00
1.528654381232375272e+03 0.000000000000000000e+00
1.536721017592677526e+03 1.477806662234548992e-08
1.544787653952979781e+03 0.000000000000000000e+00
1.552854290313282036e+03 0.000000000000000000e+00
1.560920926673584063e+03 0.000000000000000000e+00
1.568987563033886090e+03 0.000000000000000000e+00
1.577054199394188345e+03 7.389033311172744962e-09
1.585120835754490599e+03 0.000000000000000000e+00
1.593187472114792627e+03 0.000000000000000000e+00
1.601254108475094654e+03 1.477806662234590517e-08
1.609320744835396908e+03 7.389033311172744962e-09
