-4.115611043963568591e+03 3.961912144222446463e-09
-4.085522216848958124e+03 0.000000000000000000e+00
-4.055433389734348566e+03 1.980956072111193453e-09
-4.025344562619738099e+03 1.980956072111193453e-09
-3.995255735505128541e+03 5.942868216333670522e-09
-3.965166908390518984e+03 1.188573643266716072e-08
-3.935078081275908517e+03 0.000000000000000000e+00
-3.904989254161298959e+03 7.923824288444892926e-09
-3.874900427046689401e+03 7.923824288444773812e-09
-3.844811599932078934e+03 3.961912144222386906e-09
-3.814722772817469377e+03 5.942868216333670522e-09
-3.784633945702859819e+03 1.980956072111193453e-09
-3.754545118588249352e+03 3.961912144222386906e-09
-3.724456291473639794e+03 7.923824288444892926e-09
-3.694367464359030237e+03 2.377147286533432144e-08
-3.664278637244419770e+03 1.584764857688954762e-08
-3.634189810129810212e+03 9.904780360556116985e-09
-3.604100983015200654e+03 1.782860464900074025e-08
-3.574012155900590187e+03 7.923824288444773812e-09
-3.543923328785980630e+03 2.377147286533432144e-08
-3.513834501671370617e+03 1.584764857688978585e-08
-3.483745674556760605e+03 1.386669250477835500e-08
-3.453656847442151047e+03 2.377147286533432144e-08
-3.423568020327541035e+03 4.160007751433569365e-08
-3.393479193212931023e+03 3.565720929800148050e-08
-3.363390366098321465e+03 2.773338500955671000e-08
-3.333301538983711453e+03 3.169529715377957170e-08
-3.303212711869101440e+03 4.754294573066864287e-08
-3.273123884754491883e+03 4.358103358644625762e-08
-3.243035057639881870e+03 4.358103358644691275e-08
-3.212946230525271858e+03 3.763816537011267313e-08
-3.182857403410662300e+03 6.735250645178057575e-08
-3.152768576296052288e+03 5.546677001911425379e-08
-3.122679749181442276e+03 4.556198965855745025e-08
-3.092590922066832718e+03 5.744772609122461262e-08
-3.062502094952222706e+03 1.030097157497836180e-07
-3.032413267837612693e+03 9.508589146133728575e-08
-3.002324440723003136e+03 8.914302324500370787e-08
-2.972235613608393123e+03 8.716206717289382550e-08
-2.942146786493783111e+03 1.010287596776708636e-07
-2.912057959379173553e+03 1.168764082545604179e-07
-2.881969132264563541e+03 1.148954521824509590e-07
-2.851880305149953529e+03 1.426288371920059220e-07
-2.821791478035343971e+03 1.168764082545604179e-07
-2.791702650920733959e+03 1.485717054083417498e-07
-2.761613823806123946e+03 1.941336950668969567e-07
-2.731524996691514389e+03 1.664003100573402600e-07
-2.701436169576904376e+03 1.941336950668998949e-07
-2.671347342462294364e+03 2.119622997158976904e-07
-2.641258515347684806e+03 1.961146511390081494e-07
-2.611169688233074794e+03 2.555433333023478192e-07
-2.581080861118464782e+03 2.139432557880088830e-07
-2.550992034003855224e+03 3.209148836820133642e-07
-2.520903206889245212e+03 2.971434108166834996e-07
-2.490814379774635199e+03 3.605340051242372167e-07
-2.460725552660025642e+03 3.981721704943498766e-07
-2.430636725545415629e+03 4.536389405134701523e-07
-2.400547898430805617e+03 5.011818862441319461e-07
-2.370459071316196059e+03 5.665534366238013028e-07
-2.340370244201586047e+03 6.259821187871466106e-07
-2.310281417086976035e+03 6.755060205899170031e-07
-2.280192589972366477e+03 6.438107234361379210e-07
-2.250103762857756465e+03 7.844586045560444559e-07
-2.220014935743146452e+03 7.983252970608109459e-07
-2.189926108628536895e+03 9.330303099643721503e-07
-2.159837281513926882e+03 9.548208267576096687e-07
-2.129748454399316870e+03 9.904780360555967364e-07
-2.099659627284707312e+03 1.133106873247602606e-06
-2.069570800170097300e+03 1.335164392602964582e-06
-2.039481973055487515e+03 1.384688294405724281e-06
-2.009393145940877503e+03 1.456002713001727215e-06
-1.979304318826267718e+03 1.535240955886198214e-06
-1.949215491711657933e+03 1.806631937765408522e-06
-1.919126664597047920e+03 1.679850749150291982e-06
-1.889037837482438135e+03 1.982937028183334523e-06
-1.858949010367828350e+03 2.171127855033867965e-06
-1.828860183253218338e+03 2.359318681884431476e-06
-1.798771356138608553e+03 2.440537880841027432e-06
-1.768682529023998768e+03 2.743624159874002846e-06
-1.738593701909388756e+03 2.987281756743679750e-06
-1.708504874794778971e+03 3.121986769647288283e-06
-1.678416047680169186e+03 3.534025632646369339e-06
-1.648327220565559173e+03 3.866826252761049700e-06
-1.618238393450949388e+03 4.243207906462240250e-06
-1.588149566336339603e+03 4.514598888341410324e-06
-1.558060739221729591e+03 4.702789715191973411e-06
-1.527971912107119806e+03 5.326790877907079345e-06
-1.497883084992510021e+03 5.479324495459560921e-06
-1.467794257877900009e+03 6.214259198212814020e-06
-1.437705430763290224e+03 6.753079249827160905e-06
-1.407616603648680439e+03 7.018527363489958650e-06
-1.377527776534070426e+03 7.802985968045991777e-06
-1.347438949419460641e+03 8.385387053246809040e-06
-1.317350122304850856e+03 8.985616743096373139e-06
-1.287261295190240844e+03 9.922608965204967463e-06
-1.257172468075631059e+03 1.104581105809218118e-05
-1.227083640961021274e+03 1.190950790553249430e-05
-1.196994813846411262e+03 1.347842511464456056e-05
-1.166905986731801249e+03 1.488688488191561830e-05
-1.136817159617191464e+03 1.649145930032593378e-05
-1.106728332502581679e+03 1.808216702623097476e-05
-1.076639505387971667e+03 2.001954206475572157e-05
-1.046550678273361882e+03 2.218076513942936879e-05
-1.016461851158752097e+03 2.419935937691034098e-05
-9.863730240441420847e+02 2.704005038431778993e-05
-9.562841969295322997e+02 3.010062751573003845e-05
-9.261953698149225147e+02 3.350787195976084084e-05
-8.961065427003125023e+02 3.745987932362266568e-05
-8.660177155857027174e+02 4.221615485276228314e-05
-8.359288884710929324e+02 4.656039151890148842e-05
-8.058400613564829200e+02 5.263400283599441052e-05
-7.757512342418731350e+02 5.951584423050959875e-05
-7.456624071272633500e+02 6.697414384200734219e-05
-7.155735800126533377e+02 7.680760978396731001e-05
-6.854847528980435527e+02 8.491368203104759688e-05
-6.553959257834337677e+02 9.630616040175777627e-05
-6.253070986688237554e+02 1.085702594441981798e-04
-5.952182715542139704e+02 1.256183674007890208e-04
-5.651294444396041854e+02 1.431795429800528530e-04
-5.350406173249941730e+02 1.638627053289658036e-04
-5.049517902103843880e+02 1.890664094344393913e-04
-4.748629630957746031e+02 2.180874158908655024e-04
-4.447741359811645907e+02 2.502700282383839357e-04
-4.146853088665548057e+02 2.917611531687573276e-04
-3.845964817519450207e+02 3.406154918191591874e-04
-3.545076546373350084e+02 4.031205987624836349e-04
-3.244188275227252234e+02 4.803620379262505389e-04
-2.943300004081154384e+02 5.782311726688967729e-04
-2.642411732935054260e+02 6.991051502769775978e-04
-2.341523461788956411e+02 8.502263461501371328e-04
-2.040635190642858561e+02 1.041101368478398190e-03
-1.739746919496758437e+02 1.304483344958086129e-03
-1.438858648350660587e+02 1.634936532127339616e-03
-1.137970377204562737e+02 2.091132886929873615e-03
-8.370821060584626139e+01 2.710645203185496014e-03
-5.361938349123647640e+01 3.527864859262156566e-03
-2.353055637662669142e+01 4.436549219100228980e-03
6.558270737983093568e+00 4.273496724804821088e-03
3.664709785259310593e+01 2.539742179976208630e-03
6.673592496720311829e+01 1.425224598509357201e-03
9.682475208181267590e+01 8.505096228684490365e-04
1.269135791964226883e+02 5.302108165248413732e-04
1.570024063110327006e+02 3.391198699847203625e-04
1.870912334256422582e+02 2.215560699731355531e-04
2.171800605402522706e+02 1.489282775013172754e-04
2.472688876548622829e+02 1.038813364215125591e-04
2.773577147694718406e+02 7.353110844069649728e-05
3.074465418840818529e+02 5.232299273267216109e-05
3.375353689986918653e+02 3.801652797988648531e-05
3.676241961133014229e+02 2.698656457037119536e-05
3.977130232279114352e+02 1.998586581152952954e-05
4.278018503425214476e+02 1.553861942964043636e-05
4.578906774571310052e+02 1.194912702697490027e-05
4.879795045717410176e+02 9.595751213306475625e-06
5.180683316863510299e+02 7.555366459032205989e-06
5.481571588009605875e+02 5.847782324872331264e-06
5.782459859155705999e+02 4.227360257885222807e-06
6.083348130301806123e+02 3.302253772209409565e-06
6.384236401447901699e+02 2.351394857596022281e-06
6.685124672594001822e+02 1.719469870592490000e-06
6.986012943740101946e+02 1.285640490800183919e-06
7.286901214886197522e+02 8.953921445942729370e-07
7.587789486032297646e+02 7.408775709695751365e-07
7.888677757178397769e+02 5.724963048401435627e-07
8.189566028324493345e+02 5.150485787489181295e-07
8.490454299470593469e+02 4.219436433596778354e-07
8.791342570616693592e+02 3.328006201146855492e-07
9.092230841762789169e+02 2.852576743840161850e-07
9.393119112908889292e+02 2.832767183118963633e-07
9.694007384054989416e+02 2.278099482927906989e-07
9.994895655201084992e+02 1.901717829226774567e-07
1.029578392634718512e+03 1.683812661294489115e-07
1.059667219749328524e+03 1.426288371920080925e-07
1.089756046863938082e+03 1.168764082545621781e-07
1.119844873978548094e+03 9.112397931711352407e-08
1.149933701093158106e+03 9.310493538922749602e-08
1.180022528207767664e+03 5.546677001911425379e-08
1.210111355322377676e+03 8.121919895655770652e-08
1.240200182436987689e+03 5.150485787489180898e-08
1.270289009551597246e+03 4.358103358644691275e-08
1.300377836666207259e+03 2.773338500955628979e-08
1.330466663780817271e+03 2.179051679322345637e-08
1.360555490895426829e+03 2.377147286533468209e-08
1.390644318010036841e+03 1.980956072111163675e-09
1.420733145124646853e+03 3.961912144222446463e-09
1.450821972239256411e+03 5.942868216333670522e-09
1.480910799353866423e+03 5.942868216333490196e-09
1.510999626468476436e+03 5.942868216333670522e-09
1.541088453583085993e+03 1.980956072111223232e-09
1.571177280697696006e+03 1.980956072111163675e-09
1.601266107812306018e+03 5.942868216333670522e-09
1.631354934926915575e+03 1.980956072111223232e-09
1.661443762041525588e+03 1.980956072111163675e-09
1.691532589156135600e+03 0.000000000000000000e+00
1.721621416270745613e+03 1.980956072111163675e-09
1.751710243385355625e+03 1.980956072111223232e-09
1.781799070499965183e+03 0.000000000000000000e+00
1.811887897614575195e+03 1.980956072111163675e-09
1.841976724729185207e+03 0.000000000000000000e+00
1.872065551843794765e+03 3.961912144222477069e-09
