-4.780599619069702021e+04 4.017140155788634217e-10
-4.750924455911901168e+04 0.000000000000000000e+00
-4.721249292754099588e+04 0.000000000000000000e+00
-4.691574129596298735e+04 0.000000000000000000e+00
-4.661898966438497882e+04 0.000000000000000000e+00
-4.632223803280697030e+04 0.000000000000000000e+00
-4.602548640122896177e+04 0.000000000000000000e+00
-4.572873476965095324e+04 0.000000000000000000e+00
-4.543198313807293744e+04 0.000000000000000000e+00
-4.513523150649492891e+04 0.000000000000000000e+00
-4.483847987491692038e+04 0.000000000000000000e+00
-4.454172824333891185e+04 0.000000000000000000e+00
-4.424497661176089605e+04 2.008570077894267736e-10
-4.394822498018288752e+04 0.000000000000000000e+00
-4.365147334860487899e+04 0.000000000000000000e+00
-4.335472171702687046e+04 0.000000000000000000e+00
-4.305797008544886194e+04 0.000000000000000000e+00
-4.276121845387084613e+04 0.000000000000000000e+00
-4.246446682229283761e+04 0.000000000000000000e+00
-4.216771519071482908e+04 2.008570077894317108e-10
-4.187096355913682055e+04 0.000000000000000000e+00
-4.157421192755881202e+04 0.000000000000000000e+00
-4.127746029598079622e+04 0.000000000000000000e+00
-4.098070866440278769e+04 0.000000000000000000e+00
-4.068395703282477916e+04 2.008570077894317108e-10
-4.038720540124677063e+04 0.000000000000000000e+00
-4.009045376966876211e+04 0.000000000000000000e+00
-3.979370213809074630e+04 0.000000000000000000e+00
-3.949695050651273777e+04 0.000000000000000000e+00
-3.920019887493472925e+04 0.000000000000000000e+00
-3.890344724335672072e+04 0.000000000000000000e+00
-3.860669561177871219e+04 0.000000000000000000e+00
-3.830994398020069639e+04 0.000000000000000000e+00
-3.801319234862268786e+04 0.000000000000000000e+00
-3.771644071704467933e+04 0.000000000000000000e+00
-3.741968908546667080e+04 0.000000000000000000e+00
-3.712293745388866228e+04 2.008570077894267736e-10
-3.682618582231064647e+04 0.000000000000000000e+00
-3.652943419073263794e+04 0.000000000000000000e+00
-3.623268255915462942e+04 0.000000000000000000e+00
-3.593593092757662089e+04 0.000000000000000000e+00
-3.563917929599861236e+04 0.000000000000000000e+00
-3.534242766442059656e+04 0.000000000000000000e+00
-3.504567603284258803e+04 1.004285038947158399e-09
-3.474892440126457950e+04 2.008570077894317108e-10
-3.445217276968657097e+04 2.008570077894317108e-10
-3.415542113810856245e+04 0.000000000000000000e+00
-3.385866950653054664e+04 6.025710233682950808e-10
-3.356191787495253811e+04 2.008570077894317108e-10
-3.326516624337452959e+04 0.000000000000000000e+00
-3.296841461179652106e+04 6.025710233682950808e-10
-3.267166298021851253e+04 2.008570077894292293e-10
-3.237491134864049673e+04 4.017140155788584586e-10
-3.207815971706248820e+04 2.008570077894317108e-10
-3.178140808548447967e+04 4.017140155788634217e-10
-3.148465645390647114e+04 2.008570077894292293e-10
-3.118790482232845898e+04 4.017140155788634217e-10
-3.089115319075044681e+04 8.034280311577169172e-10
-3.059440155917243828e+04 4.017140155788634217e-10
-3.029764992759442976e+04 6.025710233682950808e-10
-3.000089829601642123e+04 2.008570077894292293e-10
-2.970414666443840906e+04 6.025710233682950808e-10
-2.940739503286039690e+04 4.017140155788584586e-10
-2.911064340128238837e+04 1.004285038947158399e-09
-2.881389176970437984e+04 4.017140155788634217e-10
-2.851714013812637131e+04 8.034280311577169172e-10
-2.822038850654835915e+04 1.205142046736590162e-09
-2.792363687497034698e+04 6.025710233682877396e-10
-2.762688524339233845e+04 2.008570077894317108e-10
-2.733013361181432992e+04 1.004285038947158399e-09
-2.703338198023632140e+04 6.025710233682877396e-10
-2.673663034865830923e+04 6.025710233682950808e-10
-2.643987871708029706e+04 1.205142046736575479e-09
-2.614312708550228854e+04 1.606856062315453687e-09
-2.584637545392428001e+04 1.807713070104885242e-09
-2.554962382234627148e+04 1.004285038947146198e-09
-2.525287219076825932e+04 1.807713070104885242e-09
-2.495612055919024715e+04 1.004285038947146198e-09
-2.465936892761223862e+04 1.004285038947158399e-09
-2.436261729603423009e+04 1.606856062315453687e-09
-2.406586566445622157e+04 1.405999054526004760e-09
-2.376911403287820940e+04 2.209427085683748768e-09
-2.347236240130019723e+04 1.807713070104863115e-09
-2.317561076972218871e+04 2.410284093473180323e-09
-2.287885913814418018e+04 2.811998109052009520e-09
-2.258210750656616801e+04 2.811998109052043848e-09
-2.228535587498815948e+04 1.405999054526021924e-09
-2.198860424341014732e+04 2.811998109052009520e-09
-2.169185261183213879e+04 2.209427085683748768e-09
-2.139510098025413026e+04 3.816283147999155305e-09
-2.109834934867611810e+04 4.418854171367497535e-09
-2.080159771709810957e+04 5.423139210314655727e-09
-2.050484608552009740e+04 4.017140155788584793e-09
-2.020809445394208888e+04 3.615426140209770485e-09
-1.991134282236408035e+04 4.217997163578014280e-09
-1.961459119078606818e+04 7.029995272630109828e-09
-1.931783955920805965e+04 7.833423303787836051e-09
-1.902108792763004749e+04 8.034280311577169585e-09
-1.872433629605203896e+04 8.636851334945563928e-09
-1.842758466447403043e+04 8.435994327156028561e-09
-1.813083303289601827e+04 1.004285038947158523e-08
-1.783408140131800974e+04 1.004285038947158523e-08
-1.753732976973999757e+04 1.365827652968118863e-08
-1.724057813816198905e+04 1.827798770883828357e-08
-1.694382650658398052e+04 1.908141573999577652e-08
-1.664707487500596835e+04 2.249598487241635079e-08
-1.635032324342795982e+04 2.249598487241635079e-08
-1.605357161184994948e+04 2.611141101262580033e-08
-1.575681998027193913e+04 2.329941290357407866e-08
-1.546006834869392878e+04 2.932512313725666882e-08
-1.516331671711591662e+04 3.374397730862411424e-08
-1.486656508553790627e+04 3.514997636315054583e-08
-1.456981345395989774e+04 4.037225856567576876e-08
-1.427306182238188921e+04 4.599625478377986059e-08
-1.397631019080388069e+04 5.242367903304167699e-08
-1.367955855922586852e+04 5.563739115767121869e-08
-1.338280692764785636e+04 6.768881162503848350e-08
-1.308605529606984783e+04 8.154794516250927532e-08
-1.278930366449183930e+04 8.616765634166620152e-08
-1.249255203291383077e+04 9.942421885576868999e-08
-1.219580040133581861e+04 1.191082056191300766e-07
-1.189904876975780644e+04 1.217193467203956096e-07
-1.160229713817979791e+04 1.375870503357607063e-07
-1.130554550660178938e+04 1.683181725275437670e-07
-1.100879387502378086e+04 1.980450096803796686e-07
-1.071204224344576869e+04 2.273701328176311163e-07
-1.041529061186775652e+04 2.422335513940546390e-07
-1.011853898028974800e+04 2.966658005049906473e-07
-9.821787348711739469e+03 3.555169037872941341e-07
-9.525035717133730941e+03 4.175817191942285191e-07
-9.228284085555718775e+03 4.651848300403124005e-07
-8.931532453977706609e+03 5.248393613537850071e-07
-8.634780822399698081e+03 6.096010186409252072e-07
-8.338029190821689554e+03 7.479914970078436777e-07
-8.041277559243681026e+03 8.504285709804537918e-07
-7.744525927665668860e+03 9.793787699812449542e-07
-7.447774296087656694e+03 1.156132936835968870e-06
-7.151022664509648166e+03 1.381092785560132279e-06
-6.854271032931639638e+03 1.596210640902613677e-06
-6.557519401353631110e+03 1.856923037013296074e-06
-6.260767769775618945e+03 2.271893615106206107e-06
-5.964016138197606779e+03 2.737279302154375268e-06
-5.667264506619598251e+03 3.311328630416571067e-06
-5.370512875041589723e+03 4.013323872640635116e-06
-5.073761243463581195e+03 4.970407514757276920e-06
-4.777009611885569029e+03 5.957217994026608857e-06
-4.480257980307556863e+03 7.436931570411497778e-06
-4.183506348729548336e+03 9.195233816600183324e-06
-3.886754717151539808e+03 1.164930473777145996e-05
-3.590003085573531280e+03 1.465352300327798952e-05
-3.293251453995519114e+03 1.875421967430656743e-05
-2.996499822417506948e+03 2.434286505904017636e-05
-2.699748190839498420e+03 3.186315228768429034e-05
-2.402996559261489892e+03 4.240653834056713875e-05
-2.106244927683481365e+03 5.736476142466169270e-05
-1.809493296105469199e+03 7.898661659917649461e-05
-1.512741664527457033e+03 1.111329772678458229e-04
-1.215990032949448505e+03 1.596196580912068587e-04
-9.192384013714399771e+02 2.356815957999633566e-04
-6.224867697934314492e+02 3.571388241251937691e-04
-3.257351382154192834e+02 5.496829629332307789e-04
-2.898350663740711752e+01 7.243415886256770455e-04
2.677681249406014103e+02 4.428615821946063950e-04
5.645197565186099382e+02 2.142979570366848846e-04
8.612713880966221041e+02 1.072694927230134781e-04
1.158023019674634270e+03 5.615058081257457903e-05
1.454774651252642798e+03 3.091169264178574662e-05
1.751526282830651326e+03 1.773547293079903045e-05
2.048277914408659854e+03 1.064582312685545926e-05
2.345029545986672019e+03 6.496719916949008749e-06
2.641781177564684185e+03 4.138658645501239884e-06
2.938532809142692713e+03 2.699317327682172806e-06
3.235284440720701241e+03 1.784413657201311256e-06
3.532036072298709769e+03 1.207351473822273874e-06
3.828787703876721935e+03 8.098554554069687892e-07
4.125539335454734100e+03 5.838913216438779151e-07
4.422290967032742628e+03 3.974960184152853387e-07
4.719042598610751156e+03 2.725629595702588308e-07
5.015794230188759684e+03 2.010578647972211192e-07
5.312545861766771850e+03 1.403990484448093210e-07
5.609297493344784016e+03 9.661222074671664738e-08
5.906049124922792544e+03 7.050080973409052611e-08
6.202800756500801072e+03 4.981253793177906222e-08
6.499552388078809599e+03 3.916711651893918191e-08
6.796304019656821765e+03 2.691483904378318740e-08
7.093055651234833931e+03 1.908141573999601144e-08
7.389807282812842459e+03 1.365827652968135572e-08
7.686558914390850987e+03 9.440279366103290151e-09
7.983310545968859515e+03 7.632566295998404908e-09
8.280062177546871681e+03 4.418854171367389174e-09
8.576813809124883846e+03 4.217997163578065566e-09
8.873565440702892374e+03 2.611141101262612293e-09
9.170317072280900902e+03 1.405999054526021924e-09
9.467068703858909430e+03 1.004285038947158399e-09
9.763820335436921596e+03 8.034280311577070944e-10
1.006057196701493376e+04 4.017140155788634217e-10
1.035732359859294229e+04 4.017140155788634217e-10
1.065407523017095082e+04 0.000000000000000000e+00
1.095082686174895935e+04 0.000000000000000000e+00
1.124757849332696605e+04 2.008570077894341665e-10
