-5.438854744250870681e+02 2.995537703796596186e-07
-5.405028464585041093e+02 4.757618706030047937e-07
-5.371202184919211504e+02 6.519699708263179934e-07
-5.337375905253380779e+02 7.400740209380074687e-07
-5.303549625587550054e+02 9.162821211613117745e-07
-5.269723345921720465e+02 8.810405011166755831e-07
-5.235897066255890877e+02 1.251077511585637125e-06
-5.202070786590059015e+02 1.550631281965296849e-06
-5.168244506924229427e+02 1.374423181742013825e-06
-5.134418227258399838e+02 1.991151532523619712e-06
-5.100591947592569113e+02 2.907433653684980614e-06
-5.066765667926738388e+02 2.572638263260649546e-06
-5.032939388260908800e+02 3.136504183975312264e-06
-4.999113108595078074e+02 2.731225553461648250e-06
-4.965286828929248486e+02 3.136504183975312264e-06
-4.931460549263417761e+02 3.418437144332643622e-06
-4.897634269597587604e+02 3.118883373952926511e-06
-4.863807989931757447e+02 3.365574714265643913e-06
-4.829981710265926722e+02 3.788474154801641162e-06
-4.796155430600097134e+02 3.700370104689974981e-06
-4.762329150934266409e+02 3.400816334310310386e-06
-4.728502871268436820e+02 3.929440634980306630e-06
-4.694676591602606095e+02 3.735611724734641453e-06
-4.660850311936775938e+02 4.299477645449231749e-06
-4.627024032270945781e+02 3.788474154801641162e-06
-4.593197752605115056e+02 3.876578204913306921e-06
-4.559371472939285468e+02 4.211373595337638412e-06
-4.525545193273454743e+02 4.017544685091972812e-06
-4.491718913607625154e+02 4.528548175739635820e-06
-4.457892633941794429e+02 4.440444125627970485e-06
-4.424066354275964272e+02 4.334719265493898222e-06
-4.390240074610134116e+02 5.039551666387299675e-06
-4.356413794944303390e+02 5.092414096454299384e-06
-4.322587515278473802e+02 5.233380576632964428e-06
-4.288761235612643077e+02 5.409588676856296792e-06
-4.254934955946813488e+02 6.008696217615625981e-06
-4.221108676280982763e+02 5.673900827191295337e-06
-4.187282396615152607e+02 6.167283507816521771e-06
-4.153456116949322450e+02 5.744384067280628283e-06
-4.119629837283491725e+02 6.695907808486621353e-06
-4.085803557617662136e+02 6.502078898240956600e-06
-4.051977277951831411e+02 6.449216468173956891e-06
-4.018150998286001254e+02 7.224532109156496472e-06
-3.984324718620171097e+02 6.995461578866404109e-06
-3.950498438954340941e+02 6.995461578866168634e-06
-3.916672159288510784e+02 7.435981829424616434e-06
-3.882845879622680059e+02 7.471223449469282907e-06
-3.849019599956850470e+02 7.999847750139279151e-06
-3.815193320291019745e+02 8.193676660384944751e-06
-3.781367040625189588e+02 7.806018839893483108e-06
-3.747540760959359432e+02 8.334643140563751250e-06
-3.713714481293529275e+02 9.004233921412121158e-06
-3.679888201627699118e+02 8.651817720965608897e-06
-3.646061921961868393e+02 8.352263950585943878e-06
-3.612235642296038804e+02 9.286166881769603712e-06
-3.578409362630208079e+02 9.673824702260934913e-06
-3.544583082964377923e+02 9.109958781546118883e-06
-3.510756803298547766e+02 1.050200277331077321e-05
-3.476930523632717609e+02 1.048438196328808591e-05
-3.443104243966887452e+02 1.120683517420392478e-05
-3.409277964301056727e+02 1.226408377554391727e-05
-3.375451684635227139e+02 1.208787567532058491e-05
-3.341625404969396413e+02 1.207025486529825167e-05
-3.307799125303566257e+02 1.344467804704001710e-05
-3.273972845637736100e+02 1.360326533724147024e-05
-3.240146565971905943e+02 1.335657399692835262e-05
-3.206320286306075786e+02 1.384995667755390685e-05
-3.172494006640245061e+02 1.397330234771023951e-05
-3.138667726974415473e+02 1.527724228936289561e-05
-3.104841447308584748e+02 1.582348740005522594e-05
-3.071015167642754591e+02 1.592921226018895769e-05
-3.037188887976924434e+02 1.628162846063616452e-05
-3.003362608311094277e+02 1.742698111208725568e-05
-2.969536328645264120e+02 1.776177650251188194e-05
-2.935710048979433395e+02 1.853709214349454095e-05
-2.901883769313603807e+02 1.917144130429853746e-05
-2.868057489647773082e+02 1.938289102456653630e-05
-2.834231209981942925e+02 2.038727719583918518e-05
-2.800404930316112768e+02 2.082779744639785829e-05
-2.766578650650282043e+02 2.169121713749218688e-05
-2.732752370984452455e+02 2.362950623994883949e-05
-2.698926091318621729e+02 2.584972830276282727e-05
-2.665099811652792141e+02 2.801708793550981196e-05
-2.631273531986961416e+02 2.865143709631380847e-05
-2.597447252321131259e+02 3.228132396091390628e-05
-2.563620972655301102e+02 3.554117381504609373e-05
-2.529794692989470661e+02 3.844860746873107434e-05
-2.495968413323640505e+02 4.056310467141106271e-05
-2.462142133657810348e+02 4.163797408277338674e-05
-2.428315853991980191e+02 4.443968287632436793e-05
-2.394489574326149750e+02 4.667752574915989952e-05
-2.360663294660319309e+02 4.702994194960735029e-05
-2.326837014994489152e+02 4.930302644248833440e-05
-2.293010735328658996e+02 5.111796987478865436e-05
-2.259184455662828839e+02 5.677424989195761984e-05
-2.225358175996998682e+02 6.001647893606692856e-05
-2.191531896331168525e+02 6.306487906993058184e-05
-2.157705616665338084e+02 6.273008367950519664e-05
-2.123879336999507643e+02 6.447454387171722720e-05
-2.090053057333677486e+02 6.972554525837252487e-05
-2.056226777667847330e+02 7.180480084100785353e-05
-2.022400498002017173e+02 7.629810739670282542e-05
-1.988574218336187016e+02 8.137290068313478395e-05
-1.954747938670356859e+02 8.759304662101840622e-05
-1.920921659004526418e+02 9.509951169053075895e-05
-1.887095379338695977e+02 1.043328161422349605e-04
-1.853269099672865821e+02 1.103767539798952571e-04
-1.819442820007035664e+02 1.180418063396102116e-04
-1.785616540341205507e+02 1.269226945908661492e-04
-1.751790260675375350e+02 1.388343621659634034e-04
-1.717963981009545194e+02 1.507812713611053309e-04
-1.684137701343714753e+02 1.606841665936538789e-04
-1.650311421677884312e+02 1.728953879391335120e-04
-1.616485142012054155e+02 1.816705513302554434e-04
-1.582658862346223998e+02 1.953795415276306810e-04
-1.548832582680393841e+02 2.083484577040679430e-04
-1.515006303014563684e+02 2.376694855812303941e-04
-1.481180023348733243e+02 2.659156440470260827e-04
-1.447353743682902802e+02 2.936684198322053719e-04
-1.413527464017072646e+02 3.206987424064644955e-04
-1.379701184351242489e+02 3.518875761459943035e-04
-1.345874904685412332e+02 3.922744727171820407e-04
-1.312048625019582175e+02 4.248201088284314707e-04
-1.278222345353752019e+02 4.669867072118748545e-04
-1.244396065687921578e+02 5.108977657875205924e-04
-1.210569786022091137e+02 5.520775988097219615e-04
-1.176743506356260980e+02 6.058386901878605674e-04
-1.142917226690430823e+02 6.584720497245698462e-04
-1.109090947024600666e+02 7.143476383053885218e-04
-1.075264667358770510e+02 7.698003274456711184e-04
-1.041438387692940353e+02 8.687764173411167750e-04
-1.007612108027109912e+02 9.461846357692106938e-04
-9.737858283612794708e+01 1.035345934482232713e-03
-9.399595486954493140e+01 1.127520391709057679e-03
-9.061332690296191572e+01 1.251377065356037988e-03
-8.723069893637890004e+01 1.401012984065691655e-03
-8.384807096979588437e+01 1.551107043835925911e-03
-8.046544300321286869e+01 1.712601767690609877e-03
-7.708281503662982459e+01 1.898977075296796402e-03
-7.370018707004678049e+01 2.099942413601538476e-03
-7.031755910346376481e+01 2.342246172218642643e-03
-6.693493113688074914e+01 2.639121579474912414e-03
-6.355230317029773346e+01 2.997194059938745707e-03
-6.016967520371471778e+01 3.339037774372010086e-03
-5.678704723713167368e+01 3.740933209361323088e-03
-5.340441927054862958e+01 4.132696678587920169e-03
-5.002179130396561391e+01 4.570168529012387168e-03
-4.663916333738259823e+01 5.124272520974677489e-03
-4.325653537079958255e+01 5.866637247215576202e-03
-3.987390740421656687e+01 6.707220368520959257e-03
-3.649127943763355120e+01 7.645228948439823646e-03
-3.310865147105053552e+01 8.664857120382134584e-03
-2.972602350446749142e+01 1.001602083289447782e-02
-2.634339553788447574e+01 1.162464220064366241e-02
-2.296076757130146007e+01 1.327046109834921148e-02
-1.957813960471838755e+01 1.524763932852512063e-02
-1.619551163813537187e+01 1.703770217707445064e-02
-1.281288367155235619e+01 1.913780317796558161e-02
-9.430255704969340513e+00 2.112342177614289981e-02
-6.047627738386324836e+00 2.285440204868606495e-02
-2.664999771803309159e+00 2.253024962751598581e-02
7.176281947797065186e-01 1.953966337133490605e-02
4.100256161362779039e+00 1.421287488077364360e-02
7.482884127945794717e+00 9.239207423060240634e-03
1.086551209452881039e+01 5.869579922489207187e-03
1.424814006111182607e+01 3.851309963341346173e-03
1.763076802769484175e+01 2.583228370084028006e-03
2.101339599427785743e+01 1.750433646808588701e-03
2.439602396086087310e+01 1.194320882503702944e-03
2.777865192744394562e+01 7.504879196611812875e-04
3.116127989402696130e+01 5.002371757240259894e-04
3.454390786060997698e+01 3.327337556517125225e-04
3.792653582719299266e+01 2.553960204637018786e-04
4.130916379377600833e+01 2.044895003091735117e-04
4.469179176035902401e+01 1.612304117043516268e-04
4.807441972694203969e+01 1.120507309320150274e-04
5.145704769352511221e+01 7.388405642364192182e-05
5.483967566010812789e+01 5.832488117392392043e-05
5.822230362669114356e+01 4.165559489279501863e-05
6.160493159327415924e+01 3.106548806937398024e-05
6.498755955985717492e+01 2.722415148450435892e-05
6.837018752644024744e+01 2.278370735887646467e-05
7.175281549302326312e+01 1.816705513302584792e-05
7.513544345960627879e+01 1.707456491164059773e-05
7.851807142618929447e+01 1.520675904927382016e-05
8.190069939277231015e+01 1.384995667755367476e-05
8.528332735935532583e+01 9.797170372417431892e-06
8.866595532593834150e+01 7.647431549692487368e-06
9.204858329252141402e+01 6.537320518285512958e-06
9.543121125910442970e+01 5.814867307370058637e-06
9.881383922568744538e+01 5.691521637213532859e-06
1.021964671922704611e+02 4.634273035873713165e-06
1.055790951588534767e+02 4.599031415828891685e-06
1.089617231254364924e+02 4.281856835427043355e-06
1.123443510920195081e+02 3.436057954354919260e-06
1.157269790586025806e+02 2.907433653684931486e-06
1.191096070251855963e+02 2.361188542992690520e-06
1.224922349917686120e+02 2.555017453238273111e-06
1.258748629583516276e+02 1.427285611809014381e-06
1.292574909249346433e+02 9.339029311836368582e-07
