8.418306201408682909e+00 6.525283053242582863e-03
2.523605255677552606e+01 1.042831203903502209e-02
4.205379891214236920e+01 8.738187596321961986e-03
5.887154526750921235e+01 6.712637545942249338e-03
7.568929162287605550e+01 5.118339877600943701e-03
9.250703797824289154e+01 3.950556060440158120e-03
1.093247843336097560e+02 3.083022145063950802e-03
1.261425306889765920e+02 2.435870672323445316e-03
1.429602770443433997e+02 1.952398758751894801e-03
1.597780233997102641e+02 1.588091858668816631e-03
1.765957697550771002e+02 1.299169065801028230e-03
1.934135161104439362e+02 1.069199692746086901e-03
2.102312624658108007e+02 8.865660101456539384e-04
2.270490088211776367e+02 7.410856700904904166e-04
2.438667551765444728e+02 6.282469674332060838e-04
2.606845015319113372e+02 5.314384630333142357e-04
2.775022478872781448e+02 4.539597621478646031e-04
2.943199942426450093e+02 3.883114397243187139e-04
3.111377405980118738e+02 3.331963362308993097e-04
3.279554869533786814e+02 2.910067540827651557e-04
3.447732333087454890e+02 2.501604054388413849e-04
3.615909796641124103e+02 2.189718702486877428e-04
3.784087260194792179e+02 1.903847424255316549e-04
3.952264723748460256e+02 1.655508712803711868e-04
4.120442187302129469e+02 1.467385139179467083e-04
4.288619650855797545e+02 1.294607742529472615e-04
4.456797114409465621e+02 1.156811123416607602e-04
4.624974577963134834e+02 1.027378702377469921e-04
4.793152041516802910e+02 9.235704983184276414e-05
4.961329505070470987e+02 8.190180223968867516e-05
5.129506968624140200e+02 7.268700775168873978e-05
5.297684432177808276e+02 6.553136541658439497e-05
5.465861895731476352e+02 5.855647481951364950e-05
5.634039359285145565e+02 5.357694164426714842e-05
5.802216822838813641e+02 4.855842280003368363e-05
5.970394286392481717e+02 4.336978467294447020e-05
6.138571749946149794e+02 3.932945170512882921e-05
6.306749213499819007e+02 3.543797310981218511e-05
6.474926677053487083e+02 3.244316490121219968e-05
6.643104140607155159e+02 3.018199609992605135e-05
6.811281604160824372e+02 2.698517124293511174e-05
6.979459067714492448e+02 2.416048231719068859e-05
7.147636531268160525e+02 2.197019655042761752e-05
7.315813994821828601e+02 2.034697505984902561e-05
7.483991458375497814e+02 1.800074661713532484e-05
7.652168921929165890e+02 1.680282333369532863e-05
7.820346385482835103e+02 1.546313398120907287e-05
7.988523849036503179e+02 1.387889815961841537e-05
8.156701312590171256e+02 1.297159531772303355e-05
8.324878776143839332e+02 1.201113019993526248e-05
8.493056239697508545e+02 1.122432851672919366e-05
8.661233703251176621e+02 9.835021040076890209e-06
8.829411166804845834e+02 9.622371936507594054e-06
8.997588630358513910e+02 8.715069094612278310e-06
9.165766093912181987e+02 7.836119466526128078e-06
9.333943557465850063e+02 7.485248445636847021e-06
9.502121021019519276e+02 6.826036224572284746e-06
9.670298484573187352e+02 6.326310831184593789e-06
9.838475948126855428e+02 5.755702403273826420e-06
1.000665341168052464e+03 5.574950665239943323e-06
1.017483087523419272e+03 4.784604830307643902e-06
1.034300833878786307e+03 4.678280278523061046e-06
1.051118580234152887e+03 4.281335285193831608e-06
1.067936326589519922e+03 4.011979754006140053e-06
1.084754072944886502e+03 3.600858153772295672e-06
1.101571819300253537e+03 3.395297353655373058e-06
1.118389565655620117e+03 2.828233077470759636e-06
1.135207312010987152e+03 3.012528967230718330e-06
1.152025058366354187e+03 2.548245091104606661e-06
1.168842804721720768e+03 2.374581656523068729e-06
1.185660551077087803e+03 2.204462373667684745e-06
1.202478297432454383e+03 2.098137821883069702e-06
1.219296043787821418e+03 1.970548359741531820e-06
1.236113790143188226e+03 1.832326442421507531e-06
1.252931536498555033e+03 1.566515062959994699e-06
1.269749282853922068e+03 1.555882607781533279e-06
1.286567029209288648e+03 1.541706000876917912e-06
1.303384775564655683e+03 1.438925600818456605e-06
1.320202521920022264e+03 1.215644042070765099e-06
1.337020268275389299e+03 1.162481766178457578e-06
1.353838014630756106e+03 1.084510428203058658e-06
1.370655760986122914e+03 9.392002074307660722e-07
1.387473507341489949e+03 9.959066350492273297e-07
1.404291253696856529e+03 8.966703867169200762e-07
1.421109000052223564e+03 9.214794487999968631e-07
1.437926746407590144e+03 8.612288694553816579e-07
1.454744492762957179e+03 8.151548970153708086e-07
1.471562239118324214e+03 6.556680693384593614e-07
1.488379985473690795e+03 6.273148555292286268e-07
1.505197731829057830e+03 5.564318210061520020e-07
1.522015478184424410e+03 5.351669106492289511e-07
1.538833224539791445e+03 5.351669106492289511e-07
1.555650970895158252e+03 5.174461520184527539e-07
1.572468717250525060e+03 5.103578485661521642e-07
1.589286463605892095e+03 4.997253933876906387e-07
1.606104209961258675e+03 3.189736553538450761e-07
1.622921956316625710e+03 3.579593243415372303e-07
1.639739702671992291e+03 4.146657519599985937e-07
1.656557449027359326e+03 3.615034760676910722e-07
1.673375195382726133e+03 3.083412001753794214e-07
1.690192941738092941e+03 3.047970484492297618e-07
1.707010688093459976e+03 2.977087449969220781e-07
1.723828434448826556e+03 2.835321380923067108e-07
1.740646180804193591e+03 2.516347725569222403e-07
1.757463927159560171e+03 2.303698621999992158e-07
1.774281673514927206e+03 3.154295036276869991e-07
1.791099419870294241e+03 2.197374070215377168e-07
1.807917166225660822e+03 2.020166483907685606e-07
1.824734912581027857e+03 1.701192828553840371e-07
1.841552658936394437e+03 1.807517380338455361e-07
1.858370405291761472e+03 2.055608001169223759e-07
1.875188151647128279e+03 2.091049518430733855e-07
1.892005898002495087e+03 1.488543724984610391e-07
1.908823644357862122e+03 1.523985242246148809e-07
1.925641390713228702e+03 1.594868276769225381e-07
1.942459137068595737e+03 9.569209660615351754e-08
1.959276883423962317e+03 1.523985242246148809e-07
1.976094629779329352e+03 1.488543724984610391e-07
1.992912376134696160e+03 1.240453104153825316e-07
2.009730122490062968e+03 1.240453104153841992e-07
2.026547868845430003e+03 1.027804000584611880e-07
2.043365615200796810e+03 9.214794487999844487e-08
2.060183361556163618e+03 1.275894621415397616e-07
2.077001107911530198e+03 8.860379315384465599e-08
2.093818854266897233e+03 6.379473107076988079e-08
2.110636600622264268e+03 6.379473107076814702e-08
2.127454346977630848e+03 6.733888279692376232e-08
2.144272093332997429e+03 6.025057934461437137e-08
2.161089839688364918e+03 7.442718624922951368e-08
2.177907586043731499e+03 6.733888279692376232e-08
2.194725332399098079e+03 4.961812416615300471e-08
2.211543078754465114e+03 6.025057934461599926e-08
2.228360825109832149e+03 6.379473107076814702e-08
2.245178571465198729e+03 7.797133797538540691e-08
2.261996317820565309e+03 5.670642761846058248e-08
2.278814064175932799e+03 6.025057934461437137e-08
2.295631810531299379e+03 5.316227589230822958e-08
2.312449556886665960e+03 4.607397243999922244e-08
2.329267303242032995e+03 4.252982071384658499e-08
2.346085049597400030e+03 5.316227589230679359e-08
2.362902795952766610e+03 4.961812416615300471e-08
2.379720542308133645e+03 3.189736553538494039e-08
2.396538288663500680e+03 4.607397243999922244e-08
2.413356035018867260e+03 4.607397244000046652e-08
2.430173781374233840e+03 2.126491035692271678e-08
2.446991527729600875e+03 1.772075863076941096e-08
2.463809274084967910e+03 1.772075863076893120e-08
2.480627020440334491e+03 2.126491035692271678e-08
2.497444766795701526e+03 7.088303452307763889e-09
2.514262513151068561e+03 3.898566898769165128e-08
2.531080259506435141e+03 2.126491035692329249e-08
2.547898005861801721e+03 2.126491035692271678e-08
2.564715752217168756e+03 2.126491035692329249e-08
2.581533498572535791e+03 3.544151726153786405e-09
2.598351244927902371e+03 1.063245517846135839e-08
2.615168991283269406e+03 1.772075863076941096e-08
2.631986737638636441e+03 1.417660690461514562e-08
2.648804483994003022e+03 1.063245517846164625e-08
2.665622230349369602e+03 3.544151726153786405e-09
2.682439976704736637e+03 7.088303452307763889e-09
2.699257723060103672e+03 7.088303452307572810e-09
2.716075469415470252e+03 1.063245517846135839e-08
2.732893215770837287e+03 1.772075863076941096e-08
2.749710962126204322e+03 3.544151726153786405e-09
2.766528708481570902e+03 1.063245517846164625e-08
2.783346454836937482e+03 0.000000000000000000e+00
2.800164201192304972e+03 3.544151726153786405e-09
2.816981947547671552e+03 1.063245517846164625e-08
2.833799693903038133e+03 3.544151726153786405e-09
2.850617440258405168e+03 3.544151726153881944e-09
2.867435186613772203e+03 1.063245517846135839e-08
2.884252932969138783e+03 0.000000000000000000e+00
2.901070679324505363e+03 7.088303452307572810e-09
2.917888425679872853e+03 0.000000000000000000e+00
2.934706172035239433e+03 3.544151726153881944e-09
2.951523918390606013e+03 7.088303452307572810e-09
2.968341664745973048e+03 0.000000000000000000e+00
2.985159411101340083e+03 3.544151726153786405e-09
3.001977157456706664e+03 0.000000000000000000e+00
3.018794903812073244e+03 0.000000000000000000e+00
3.035612650167440734e+03 0.000000000000000000e+00
3.052430396522807314e+03 0.000000000000000000e+00
3.069248142878173894e+03 0.000000000000000000e+00
3.086065889233540929e+03 0.000000000000000000e+00
3.102883635588907964e+03 0.000000000000000000e+00
3.119701381944274544e+03 0.000000000000000000e+00
3.136519128299641579e+03 3.544151726153881944e-09
3.153336874655008614e+03 7.088303452307572810e-09
3.170154621010375195e+03 0.000000000000000000e+00
3.186972367365741775e+03 0.000000000000000000e+00
3.203790113721108810e+03 0.000000000000000000e+00
3.220607860076475845e+03 0.000000000000000000e+00
3.237425606431842425e+03 0.000000000000000000e+00
3.254243352787209460e+03 0.000000000000000000e+00
3.271061099142576495e+03 0.000000000000000000e+00
3.287878845497943075e+03 0.000000000000000000e+00
3.304696591853309656e+03 0.000000000000000000e+00
3.321514338208676691e+03 0.000000000000000000e+00
3.338332084564043726e+03 0.000000000000000000e+00
3.355149830919410306e+03 3.544151726153881944e-09
