3.389571356445280514e+01 3.866825969363901164e-03
1.016454295719240974e+02 3.631395873252131999e-03
1.693951455793954040e+02 2.251425992213738295e-03
2.371448615868667389e+02 1.436536905536335128e-03
3.048945775943380454e+02 9.516055592959663184e-04
3.726442936018093519e+02 6.550388767278060619e-04
4.403940096092806584e+02 4.626958612696708173e-04
5.081437256167519081e+02 3.355056144666775661e-04
5.758934416242232146e+02 2.489522692541151902e-04
6.436431576316945211e+02 1.871153802719403066e-04
7.113928736391658276e+02 1.433807837150678310e-04
7.791425896466371341e+02 1.111554304274316412e-04
8.468923056541084406e+02 8.623046703798554851e-05
9.146420216615797472e+02 6.871322634590758380e-05
9.823917376690510537e+02 5.450306755637197837e-05
1.050141453676522360e+03 4.378034496307950895e-05
1.117891169683993667e+03 3.601279345535230456e-05
1.185640885691464973e+03 2.957898394396833562e-05
1.253390601698936280e+03 2.402143236685736334e-05
1.321140317706407586e+03 2.009850653460505524e-05
1.388890033713878893e+03 1.676063243557719039e-05
1.456639749721350199e+03 1.386176708072826708e-05
1.524389465728821506e+03 1.159898052756546608e-05
1.592139181736292812e+03 9.772563387454277003e-06
1.659888897743764119e+03 8.198642258524163818e-06
1.727638613751235425e+03 7.119155827446886451e-06
1.795388329758706732e+03 6.038789619327165873e-06
1.863138045766178038e+03 5.164291239139053935e-06
1.930887761773649345e+03 4.534370876750030700e-06
1.998637477781120651e+03 3.841106567305129382e-06
2.066387193788591958e+03 3.309721233669685522e-06
2.134136909796063264e+03 2.890947361466938657e-06
2.201886625803535026e+03 2.486249921943264939e-06
2.269636341811005877e+03 2.202961714276693210e-06
2.337386057818477639e+03 2.011170319024169577e-06
2.405135773825948490e+03 1.738439435866911497e-06
2.472885489833420252e+03 1.448992788903240474e-06
2.540635205840891103e+03 1.287113813093770945e-06
2.608384921848362865e+03 1.176261905745981970e-06
2.676134637855833716e+03 1.028459362615596813e-06
2.743884353863305478e+03 9.431209894986483274e-07
2.811634069870776329e+03 7.874004529862781973e-07
2.879383785878248091e+03 7.214171748030704845e-07
2.947133501885718943e+03 6.422372409832212928e-07
3.014883217893190704e+03 5.744944087151281130e-07
3.082632933900661556e+03 5.155493468714625859e-07
3.150382649908133317e+03 4.398885212213844870e-07
3.218132365915604169e+03 4.011783313539026246e-07
3.285882081923075930e+03 3.615883644439780287e-07
3.353631797930546782e+03 3.070421878125263809e-07
3.421381513938018543e+03 2.894466469636709697e-07
3.489131229945489395e+03 2.621735586479451193e-07
3.556880945952961156e+03 2.322611392048909890e-07
3.624630661960432008e+03 2.357802473746620818e-07
3.692380377967903769e+03 1.979498345496230059e-07
3.760130093975374621e+03 1.847531789129814739e-07
3.827879809982846382e+03 1.636385298943550228e-07
3.895629525990317234e+03 1.398845497484002653e-07
3.963379241997788995e+03 1.451632120030568781e-07
4.031128958005259847e+03 1.354856645361864125e-07
4.098878674012730698e+03 1.143710155175614966e-07
4.166628390020201550e+03 9.413614354137564812e-08
4.234378106027674221e+03 9.061703537160459498e-08
4.302127822035145073e+03 8.445859607450638690e-08
4.369877538042615924e+03 7.038216339542198908e-08
4.437627254050086776e+03 7.566082565007762248e-08
4.505376970057559447e+03 7.302149452274932932e-08
4.573126686065030299e+03 5.542595367389481144e-08
4.640876402072501151e+03 5.278662254656649181e-08
4.708626118079972002e+03 6.334394705587894314e-08
4.776375834087444673e+03 5.454617663145131031e-08
4.844125550094915525e+03 5.454617663145203823e-08
4.911875266102386377e+03 3.167197352793989509e-08
4.979624982109857228e+03 3.783041282503881124e-08
5.047374698117329899e+03 3.079219648549670498e-08
5.115124414124800751e+03 2.991241944305434205e-08
5.182874130132271603e+03 2.463375718839769618e-08
5.250623846139742454e+03 2.551353423084012859e-08
5.318373562147215125e+03 2.727308831572565515e-08
5.386123278154685977e+03 2.815286535816879563e-08
5.453872994162156829e+03 2.023487197618382021e-08
5.521622710169627680e+03 2.199442606106907546e-08
5.589372426177100351e+03 2.199442606106907546e-08
5.657122142184571203e+03 1.583598676396994754e-08
5.724871858192042055e+03 1.407643267908439782e-08
5.792621574199512906e+03 1.671576380641249576e-08
5.860371290206985577e+03 1.055732450931315609e-08
5.928121006214456429e+03 9.677547466870523498e-09
5.995870722221927281e+03 1.935509493374104700e-08
6.063620438229398133e+03 1.055732450931315609e-08
6.131370154236870803e+03 8.797770424427629521e-09
6.199119870244341655e+03 7.917993381984973771e-09
6.266869586251812507e+03 1.231687859419884809e-08
6.334619302259283359e+03 8.797770424427629521e-09
6.402369018266756029e+03 7.038216339542103782e-09
6.470118734274226881e+03 5.278662254656649181e-09
6.537868450281697733e+03 8.797770424427748635e-09
6.605618166289168585e+03 4.398885212213814760e-09
6.673367882296641255e+03 7.038216339542103782e-09
6.741117598304112107e+03 9.677547466870523498e-09
6.808867314311582959e+03 6.158439297099424044e-09
6.876617030319053811e+03 7.917993381984867892e-09
6.944366746326526481e+03 6.158439297099341326e-09
7.012116462333997333e+03 9.677547466870523498e-09
7.079866178341468185e+03 4.398885212213874317e-09
7.147615894348939037e+03 6.158439297099341326e-09
7.215365610356411707e+03 6.158439297099341326e-09
7.283115326363882559e+03 3.519108169771099454e-09
7.350865042371353411e+03 1.759554084885549727e-09
7.418614758378824263e+03 1.759554084885525946e-09
7.486364474386296934e+03 5.278662254656578043e-09
7.554114190393767785e+03 2.639331127328324590e-09
7.621863906401238637e+03 8.797770424427748635e-10
7.689613622408709489e+03 4.398885212213814760e-09
7.757363338416182160e+03 2.639331127328289022e-09
7.825113054423653011e+03 4.398885212213874317e-09
7.892862770431123863e+03 8.797770424427748635e-10
7.960612486438594715e+03 2.639331127328289022e-09
8.028362202446067386e+03 7.038216339542103782e-09
8.096111918453538237e+03 8.797770424427748635e-10
8.163861634461009089e+03 1.759554084885549727e-09
8.231611350468479941e+03 1.759554084885549727e-09
8.299361066475950793e+03 1.759554084885502371e-09
8.367110782483423463e+03 8.797770424427748635e-10
8.434860498490894315e+03 1.759554084885549727e-09
8.502610214498366986e+03 2.639331127328253453e-09
8.570359930505837838e+03 2.639331127328324590e-09
8.638109646513308689e+03 0.000000000000000000e+00
8.705859362520779541e+03 8.797770424427748635e-10
8.773609078528250393e+03 0.000000000000000000e+00
8.841358794535721245e+03 8.797770424427511854e-10
8.909108510543193916e+03 1.759554084885549727e-09
8.976858226550664767e+03 1.759554084885549727e-09
9.044607942558137438e+03 0.000000000000000000e+00
9.112357658565608290e+03 8.797770424427748635e-10
9.180107374573079142e+03 8.797770424427748635e-10
9.247857090580549993e+03 0.000000000000000000e+00
9.315606806588020845e+03 0.000000000000000000e+00
9.383356522595491697e+03 0.000000000000000000e+00
9.451106238602964368e+03 0.000000000000000000e+00
9.518855954610435219e+03 0.000000000000000000e+00
9.586605670617907890e+03 2.639331127328253453e-09
9.654355386625378742e+03 0.000000000000000000e+00
9.722105102632849594e+03 8.797770424427748635e-10
9.789854818640320445e+03 0.000000000000000000e+00
9.857604534647791297e+03 0.000000000000000000e+00
9.925354250655262149e+03 8.797770424427511854e-10
9.993103966662734820e+03 1.759554084885549727e-09
1.006085368267020567e+04 8.797770424427748635e-10
1.012860339867767834e+04 8.797770424427511854e-10
1.019635311468514919e+04 1.759554084885549727e-09
1.026410283069262005e+04 0.000000000000000000e+00
1.033185254670009090e+04 8.797770424427748635e-10
1.039960226270756175e+04 0.000000000000000000e+00
1.046735197871503260e+04 0.000000000000000000e+00
1.053510169472250527e+04 8.797770424427748635e-10
1.060285141072997612e+04 8.797770424427748635e-10
1.067060112673744879e+04 8.797770424427511854e-10
1.073835084274491965e+04 8.797770424427748635e-10
1.080610055875239050e+04 0.000000000000000000e+00
1.087385027475986135e+04 0.000000000000000000e+00
1.094159999076733220e+04 0.000000000000000000e+00
1.100934970677480305e+04 0.000000000000000000e+00
1.107709942278227572e+04 0.000000000000000000e+00
1.114484913878974658e+04 8.797770424427748635e-10
1.121259885479721925e+04 0.000000000000000000e+00
1.128034857080469010e+04 8.797770424427748635e-10
1.134809828681216095e+04 0.000000000000000000e+00
1.141584800281963180e+04 0.000000000000000000e+00
1.148359771882710265e+04 0.000000000000000000e+00
1.155134743483457351e+04 0.000000000000000000e+00
1.161909715084204618e+04 0.000000000000000000e+00
1.168684686684951703e+04 8.797770424427748635e-10
1.175459658285698970e+04 0.000000000000000000e+00
1.182234629886446055e+04 0.000000000000000000e+00
1.189009601487193140e+04 8.797770424427748635e-10
1.195784573087940225e+04 0.000000000000000000e+00
1.202559544688687311e+04 0.000000000000000000e+00
1.209334516289434396e+04 0.000000000000000000e+00
1.216109487890181663e+04 0.000000000000000000e+00
1.222884459490928748e+04 0.000000000000000000e+00
1.229659431091676015e+04 0.000000000000000000e+00
1.236434402692423100e+04 0.000000000000000000e+00
1.243209374293170185e+04 0.000000000000000000e+00
1.249984345893917271e+04 0.000000000000000000e+00
1.256759317494664356e+04 8.797770424427748635e-10
1.263534289095411441e+04 0.000000000000000000e+00
1.270309260696158708e+04 0.000000000000000000e+00
1.277084232296905793e+04 0.000000000000000000e+00
1.283859203897653060e+04 0.000000000000000000e+00
1.290634175498400145e+04 0.000000000000000000e+00
1.297409147099147231e+04 0.000000000000000000e+00
1.304184118699894316e+04 0.000000000000000000e+00
1.310959090300641401e+04 0.000000000000000000e+00
1.317734061901388486e+04 0.000000000000000000e+00
1.324509033502135753e+04 0.000000000000000000e+00
1.331284005102882838e+04 0.000000000000000000e+00
1.338058976703630105e+04 0.000000000000000000e+00
1.344833948304377191e+04 0.000000000000000000e+00
1.351608919905124276e+04 8.797770424427748635e-10
