2.017375574562650709e+00 1.385417040908261919e-02
6.030425975280753192e+00 3.266485110995751007e-02
1.004347637599885701e+01 3.467807555869092950e-02
1.405652677671695905e+01 2.995935703813661435e-02
1.806957717743506464e+01 2.421418308232404365e-02
2.208262757815316490e+01 1.938424752347931920e-02
2.609567797887126517e+01 1.560068487429821030e-02
3.010872837958937254e+01 1.270262551115313061e-02
3.412177878030747280e+01 1.043409795462400987e-02
3.813482918102558017e+01 8.694282058354575737e-03
4.214787958174368043e+01 7.203857894181161549e-03
4.616092998246178070e+01 5.981510162179757249e-03
5.017398038317988096e+01 4.990225927064609150e-03
5.418703078389798833e+01 4.212478999575231149e-03
5.820008118461609570e+01 3.535700745469705624e-03
6.221313158533419596e+01 2.979140267529098180e-03
6.622618198605229622e+01 2.505948010198023879e-03
7.023923238677039649e+01 2.128199220822927108e-03
7.425228278748849675e+01 1.816960834421192357e-03
7.826533318820661123e+01 1.554142259027327258e-03
8.227838358892471149e+01 1.326509736479348665e-03
8.629143398964281175e+01 1.131434338388186784e-03
9.030448439036091202e+01 9.621580849966097524e-04
9.431753479107901228e+01 8.312909209505287738e-04
9.833058519179712675e+01 7.165537921052218904e-04
1.023436355925152270e+02 6.159712889931985005e-04
1.063566859932333273e+02 5.212110453643258425e-04
1.103697363939514275e+02 4.558145950981931866e-04
1.143827867946695278e+02 4.020032529873145892e-04
1.183958371953876281e+02 3.455629824873578506e-04
1.224088875961057425e+02 2.987472633779223135e-04
1.264219379968238286e+02 2.603678794379535137e-04
1.304349883975419289e+02 2.299941022873186372e-04
1.344480387982600291e+02 2.042098102904968729e-04
1.384610891989781294e+02 1.770887750449919398e-04
1.424741395996962297e+02 1.543938452229045623e-04
1.464871900004143299e+02 1.356200289302878046e-04
1.505002404011324302e+02 1.195791099460890726e-04
1.545132908018505589e+02 1.070879869222839814e-04
1.585263412025686591e+02 9.688418012400254887e-05
1.625393916032867594e+02 8.415541385598627479e-05
1.665524420040048597e+02 7.775389896507027044e-05
1.705654924047229599e+02 6.740156513915738221e-05
1.745785428054410602e+02 5.999006646034743176e-05
1.785915932061591604e+02 5.443515562693075871e-05
1.826046436068772607e+02 4.871686506311947762e-05
1.866176940075953610e+02 4.344415558220258392e-05
1.906307444083134612e+02 4.033994070470503133e-05
1.946437948090315899e+02 3.711690420510204992e-05
1.986568452097496902e+02 3.377504608339441895e-05
2.026698956104677904e+02 3.000245958155528867e-05
2.066829460111858907e+02 2.698736092063661626e-05
2.106959964119039910e+02 2.507136226419075660e-05
2.147090468126220912e+02 2.477430820892783167e-05
2.187220972133401915e+02 2.186317846735118164e-05
2.227351476140582918e+02 2.083834197669409336e-05
2.267481980147763920e+02 1.947189332248464683e-05
2.307612484154944923e+02 1.740736763840732809e-05
2.347742988162125926e+02 1.593695006485574062e-05
2.387873492169307212e+02 1.543195817090888276e-05
2.428003996176488215e+02 1.418433113880460418e-05
2.468134500183669218e+02 1.305552572880549522e-05
2.508265004190850220e+02 1.252082842933223273e-05
2.548395508198031223e+02 1.226833248235874790e-05
2.588526012205212510e+02 1.105041085578076045e-05
2.628656516212392944e+02 1.106526355854390602e-05
2.668787020219574515e+02 1.061968247564952033e-05
2.708917524226754949e+02 1.012954328446569623e-05
2.749048028233936520e+02 8.941327063414001615e-06
2.789178532241116955e+02 8.777947333019393584e-06
2.829309036248298526e+02 8.421482466703886384e-06
2.869439540255478960e+02 7.663994625783430198e-06
2.909570044262660531e+02 7.233266245652190920e-06
2.949700548269840965e+02 6.327251377100273965e-06
2.989831052277022536e+02 6.282693268810746626e-06
3.029961556284204107e+02 5.941081105258473087e-06
3.070092060291384541e+02 5.718290563811280240e-06
3.110222564298566112e+02 5.228151372627456147e-06
3.150353068305746547e+02 4.544927045522732039e-06
3.190483572312928118e+02 4.619190559338463270e-06
3.230614076320108552e+02 3.861702718418007930e-06
3.270744580327290123e+02 3.237889202365867790e-06
3.310875084334470557e+02 2.911129741576651728e-06
3.351005588341652128e+02 2.703191902892605297e-06
3.391136092348832562e+02 2.554664875261143682e-06
3.431266596356014134e+02 2.005114873024734773e-06
3.471397100363194568e+02 1.618944601182933895e-06
3.511527604370376139e+02 1.663502709472372507e-06
3.551658108377556573e+02 1.737766223288103314e-06
3.591788612384738144e+02 1.500122979077764476e-06
3.631919116391918578e+02 1.307037843156864037e-06
3.672049620399100149e+02 1.336743248683156445e-06
3.712180124406280584e+02 1.158510815525402210e-06
3.752310628413462155e+02 1.158510815525402210e-06
3.792441132420642589e+02 9.654256796045019825e-07
3.832571636427824160e+02 9.654256796045019825e-07
3.872702140435005163e+02 9.357202740781962340e-07
3.912832644442186165e+02 6.535189215784320184e-07
3.952963148449367736e+02 5.941081105258473087e-07
3.993093652456548170e+02 6.980770298678706301e-07
4.033224156463729742e+02 6.832243271047244262e-07
4.073354660470910176e+02 5.644027049995550068e-07
4.113485164478091747e+02 5.644027049995550068e-07
4.153615668485272181e+02 6.089608132889935126e-07
4.193746172492453752e+02 6.683716243415782223e-07
4.233876676499634186e+02 5.198445967101163951e-07
4.274007180506815757e+02 6.832243271047244262e-07
4.314137684513996192e+02 5.346972994732625990e-07
4.354268188521177763e+02 5.198445967101163951e-07
4.394398692528358197e+02 5.644027049995550068e-07
4.434529196535539768e+02 6.832243271047244262e-07
4.474659700542720202e+02 5.049918939469701912e-07
4.514790204549901773e+02 5.495500022364088029e-07
4.554920708557082207e+02 5.346972994732625990e-07
4.595051212564263778e+02 3.119067580260698582e-07
4.635181716571444213e+02 4.455810828943854815e-07
4.675312220578625784e+02 5.198445967101163951e-07
4.715442724585806786e+02 5.198445967101090895e-07
4.755573228592987789e+02 6.535189215784320184e-07
4.795703732600169360e+02 3.713175690786545679e-07
4.835834236607349794e+02 5.049918939469701912e-07
4.875964740614531365e+02 4.455810828943854815e-07
4.916095244621711799e+02 4.158756773680931267e-07
4.956225748628893371e+02 3.267594607892160092e-07
4.996356252636073805e+02 4.901391911838240932e-07
5.036486756643255376e+02 5.049918939469701912e-07
5.076617260650435810e+02 4.901391911838240932e-07
5.116747764657617381e+02 3.564648663155033348e-07
5.156878268664798952e+02 3.861702718417952661e-07
5.197008772671979386e+02 4.455810828943917813e-07
5.237139276679160957e+02 3.861702718417952661e-07
5.277269780686342528e+02 3.713175690786598619e-07
5.317400284693522963e+02 3.119067580260654113e-07
5.357530788700703397e+02 4.158756773680990030e-07
5.397661292707884968e+02 2.376432442103355565e-07
5.437791796715066539e+02 1.930851359209031123e-07
5.477922300722246973e+02 2.524959469734815487e-07
5.518052804729427407e+02 2.822013524997814739e-07
5.558183308736608979e+02 3.119067580260654113e-07
5.598313812743790550e+02 3.416121635523670306e-07
5.638444316750970984e+02 1.782324331577516674e-07
5.678574820758151418e+02 1.930851359209031123e-07
5.718705324765332989e+02 1.930851359208976331e-07
5.758835828772514560e+02 2.822013524997814739e-07
5.798966332779694994e+02 2.376432442103355565e-07
5.839096836786875429e+02 2.376432442103423063e-07
5.879227340794057000e+02 2.376432442103355565e-07
5.919357844801238571e+02 1.782324331577567231e-07
5.959488348808419005e+02 2.822013524997734800e-07
5.999618852815600576e+02 2.079378386840436252e-07
6.039749356822781010e+02 1.633797303946103339e-07
6.079879860829962581e+02 2.524959469734815487e-07
6.120010364837144152e+02 1.633797303946103339e-07
6.160140868844324586e+02 2.376432442103355565e-07
6.200271372851505021e+02 2.079378386840495015e-07
6.240401876858686592e+02 1.188216221051677783e-07
6.280532380865868163e+02 2.673486497366350582e-07
6.320662884873048597e+02 1.485270276314597361e-07
6.360793388880229031e+02 1.039689193420247507e-07
6.400923892887410602e+02 1.633797303946057017e-07
6.441054396894592173e+02 2.524959469734886955e-07
6.481184900901772608e+02 2.079378386840436252e-07
6.521315404908953042e+02 1.039689193420247507e-07
6.561445908916134613e+02 1.633797303946057017e-07
6.601576412923316184e+02 2.079378386840495015e-07
6.641706916930496618e+02 8.911621657887583370e-08
6.681837420937677052e+02 1.485270276314639448e-07
6.721967924944858623e+02 7.426351381572986803e-08
6.762098428952040194e+02 8.911621657887836156e-08
6.802228932959220629e+02 8.911621657887583370e-08
6.842359436966402200e+02 1.039689193420218126e-07
6.882489940973582634e+02 1.188216221051711532e-07
6.922620444980764205e+02 1.633797303946057017e-07
6.962750948987945776e+02 1.039689193420247507e-07
7.002881452995126210e+02 7.426351381572986803e-08
7.043011957002306644e+02 1.039689193420247507e-07
7.083142461009488215e+02 1.782324331577516674e-07
7.123272965016669787e+02 1.039689193420247507e-07
7.163403469023850221e+02 7.426351381572986803e-08
7.203533973031030655e+02 1.485270276314639448e-07
7.243664477038212226e+02 2.970540552629194457e-08
7.283794981045393797e+02 1.188216221051711532e-07
7.323925485052574231e+02 8.911621657887583370e-08
7.364055989059754666e+02 1.336743248683175291e-07
7.404186493066936237e+02 1.039689193420218126e-07
7.444316997074117808e+02 1.188216221051711532e-07
7.484447501081298242e+02 7.426351381572986803e-08
7.524578005088478676e+02 7.426351381573197238e-08
7.564708509095660247e+02 1.633797303946057017e-07
7.604839013102841818e+02 4.455810828943918078e-08
7.644969517110022252e+02 1.188216221051677783e-07
7.685100021117202687e+02 1.039689193420247507e-07
7.725230525124384258e+02 8.911621657887583370e-08
7.765361029131565829e+02 2.970540552629194457e-08
7.805491533138747400e+02 4.455810828943918078e-08
7.845622037145927834e+02 5.941081105258388913e-08
7.885752541153108268e+02 0.000000000000000000e+00
7.925883045160289839e+02 1.039689193420218126e-07
7.966013549167471410e+02 1.485270276314639414e-08
8.006144053174650708e+02 5.941081105258557658e-08
