1.000000000000000000e+00 1.162100899451775716e-15 -3.366075529084538750e-14 6.372448920196248807e-10
2.000000000000000000e+00 -2.977970856948881072e-20 -4.193184443268285944e-20 1.882196417559038390e-11
3.000000000000000000e+00 -1.390061164406715319e-19 -6.961621448752849073e-20 5.788988693043565429e-11
4.000000000000000000e+00 -3.344164838199303752e-19 -2.108086070235113053e-19 1.373962642027162483e-10
5.000000000000000000e+00 -5.882143845522587213e-19 -3.757283693947403319e-19 2.598971181808191026e-10
6.000000000000000000e+00 -1.176377680521238933e-18 -7.727149718920890297e-19 4.430592087437431380e-10
7.000000000000000000e+00 -2.199703837272672674e-18 -1.538206282024374343e-18 7.126109678634065007e-10
8.000000000000000000e+00 -4.691628803057753693e-18 -2.783362055030989346e-18 1.148999206875579448e-09
9.000000000000000000e+00 -1.035530365773537548e-17 -6.409784668622056290e-18 1.804351428374815544e-09
1.000000000000000000e+01 -2.421575184975283916e-17 -1.475530009650339485e-17 2.750254242646513454e-09
1.100000000000000000e+01 -5.902887067673640802e-17 -3.391330664703559956e-17 4.232831689981047672e-09
1.200000000000000000e+01 -1.418298687396735673e-16 -8.065855588816189212e-17 6.609745073450545472e-09
1.300000000000000000e+01 -3.042437598416628003e-16 -1.876709288167959896e-16 1.019097353862787535e-08
1.400000000000000000e+01 -6.638482339282932654e-16 -4.044893127215767963e-16 1.525624553537495289e-08
1.500000000000000000e+01 -1.510414329262331270e-15 -9.131536073279610712e-16 2.242463854872538124e-08
1.600000000000000000e+01 -3.095955269141584820e-15 -1.927098776125192857e-15 3.313564040714683147e-08
1.700000000000000000e+01 -6.587410994815609389e-15 -4.051077642703512288e-15 4.887600689132992719e-08
1.800000000000000000e+01 -1.527051158298477536e-14 -9.037980280904736029e-15 7.345546703934222362e-08
1.900000000000000000e+01 -3.254223239813547501e-14 -1.949022000637230381e-14 1.064373374268006920e-07
2.000000000000000000e+01 -8.565648214376983717e-14 -5.493479993592363660e-14 1.533897418624410714e-07
2.100000000000000000e+01 -1.583254227494040988e-13 -1.106147010303338735e-13 2.172728709355713369e-07
2.200000000000000000e+01 -3.296063600915836412e-13 -2.026162013118651856e-13 3.231452133417879896e-07
2.300000000000000000e+01 -7.640848878924758000e-13 -4.293148359497934367e-13 4.955597620718072268e-07
2.400000000000000000e+01 -1.840722695223463122e-12 -1.077165442447381516e-12 7.634115365380161554e-07
2.500000000000000000e+01 -4.473941252773434542e-12 -2.598715896794670798e-12 1.188656665813609427e-06
2.600000000000000000e+01 -1.101301757195002885e-11 -6.268644413526233425e-12 1.822026952152421698e-06
2.700000000000000000e+01 -3.150427618921335898e-11 -1.754564896133307946e-11 2.993969087763128654e-06
2.800000000000000000e+01 -8.021715848382389485e-11 -4.732937302694275204e-11 4.759894993842726521e-06
2.900000000000000000e+01 -1.526122835187717332e-10 -9.745023837542913513e-11 7.092227684145618188e-06
3.000000000000000000e+01 -3.294948175919633781e-10 -2.079311222045276582e-10 1.042973796118959246e-05
3.100000000000000000e+01 -6.485706592816051238e-10 -4.271903641570197443e-10 1.537668302651086562e-05
3.200000000000000000e+01 -1.217429504919448294e-09 -7.943702540613932130e-10 2.133734376677406231e-05
3.300000000000000000e+01 -3.055810900374206888e-09 -1.893890131752136788e-09 3.047241511430392243e-05
3.400000000000000000e+01 -5.934607283421375272e-09 -4.064881623876591358e-09 4.426425132235261992e-05
3.500000000000000000e+01 -1.058567653789739961e-08 -6.907234152790145988e-09 6.199029525369298952e-05
3.600000000000000000e+01 -2.286199943606455489e-08 -1.400666430512784464e-08 8.996662207007521906e-05
3.700000000000000000e+01 -5.036951411825933640e-08 -3.190443065194471301e-08 1.301965759849121483e-04
3.800000000000000000e+01 -9.632116088652055530e-08 -6.089674215699756647e-08 1.862340267698426829e-04
3.900000000000000000e+01 -2.079868636114210459e-07 -1.235202414156216875e-07 2.771929976289665230e-04
4.000000000000000000e+01 -5.255988977556238157e-07 -2.885078871944781745e-07 4.056948032464441941e-04
4.100000000000000000e+01 -1.284671182058575533e-06 -8.333136416571300279e-07 6.096079240333535966e-04
4.200000000000000000e+01 -2.606752871303209424e-06 -1.571261970984951724e-06 8.910765120796797440e-04
4.300000000000000000e+01 -6.148831512581098763e-06 -3.778532902023966836e-06 1.358367014376715828e-03
4.400000000000000000e+01 -1.299342968154519399e-05 -8.639679333724591733e-06 2.019107420968684844e-03
4.500000000000000000e+01 -2.160442943300146593e-05 -1.429063078431094229e-05 2.803082945773576785e-03
4.600000000000000000e+01 -4.312042031806376116e-05 -2.617622099017030731e-05 3.927690411975151216e-03
4.700000000000000000e+01 -1.127158203160543359e-04 -6.084281921167545621e-05 6.008837399444551600e-03
4.800000000000000000e+01 -2.831259299384922701e-04 -1.594674163927412198e-04 9.147456215433129659e-03
4.900000000000000000e+01 -6.478716284387148628e-04 -3.938851683284575779e-04 1.400581646950432857e-02
5.000000000000000000e+01 -1.615666146841604174e-03 -9.575719317953617325e-04 2.175504102280603064e-02
5.100000000000000000e+01 -3.012823110411093439e-03 -2.104585189200771766e-03 3.140458969488468116e-02
5.200000000000000000e+01 -7.215856409512527714e-03 -4.067557305567870776e-03 4.755599615574784139e-02
5.300000000000000000e+01 -1.613478736925800724e-02 -9.665973167703610994e-03 7.324382472577418979e-02
5.400000000000000000e+01 -3.997839018262668020e-02 -2.331558606839616646e-02 1.138377562314673574e-01
5.500000000000000000e+01 -8.349281745342823635e-02 -5.030356378824697022e-02 1.756615660170885163e-01
5.600000000000000000e+01 -1.602703713830348486e-01 -1.025969534949156964e-01 2.521612370242553580e-01
5.700000000000000000e+01 -3.084085962782857626e-01 -1.851844602185694078e-01 3.565051531830575882e-01
5.800000000000000000e+01 -5.778785001184442160e-01 -3.290185526945221817e-01 5.085778650616822327e-01
5.900000000000000000e+01 -9.254176370061912849e-01 -5.556878069110517959e-01 7.219476718770606594e-01
6.000000000000000000e+01 -1.231438032867817833e+00 -7.715604582166494252e-01 9.455798697865043234e-01
6.100000000000000000e+01 -1.728690512749822883e+00 -1.025356398307958772e+00 1.204668814349765471e+00
6.200000000000000000e+01 -1.873507582575899333e+00 -1.199209078548218121e+00 1.468081202880175518e+00
6.300000000000000000e+01 -1.868372831174780258e+00 -1.342177464298290213e+00 1.738018476281137259e+00
6.400000000000000000e+01 -1.848040474735643368e+00 -1.413982685909852988e+00 1.972271736114787677e+00
6.500000000000000000e+01 -1.376722475385430577e+00 -1.437758898375315564e+00 2.148545435236323797e+00
6.600000000000000000e+01 -1.372096600229734786e+00 -1.513134066177330039e+00 2.313224938176000389e+00
6.700000000000000000e+01 -7.413597826101302468e-01 -1.516623699259469937e+00 2.430664517064924368e+00
6.800000000000000000e+01 -2.899683825938516590e-01 -1.540514185643890865e+00 2.531364574471032469e+00
6.900000000000000000e+01 -1.722633328066219272e-01 -1.529589220484888656e+00 2.558074129534710917e+00
7.000000000000000000e+01 -1.698348034912058879e-01 -1.554094733956044028e+00 2.552605917417317016e+00
7.100000000000000000e+01 -3.407347509361276505e-01 -1.579861262838255787e+00 2.586583234401996112e+00
7.200000000000000000e+01 1.004904730055443118e-01 -1.580379702054708790e+00 2.607822207398196923e+00
7.300000000000000000e+01 2.232109742752742820e-01 -1.563672674862385259e+00 2.548149509617680053e+00
7.400000000000000000e+01 -5.579467780464059806e-02 -1.584787127616869462e+00 2.520376440879272817e+00
7.500000000000000000e+01 -4.461537867605940288e-01 -1.613243264244167197e+00 2.493488960540401589e+00
7.600000000000000000e+01 -7.165695788174025749e-01 -1.622373638682174990e+00 2.524145709797810611e+00
7.700000000000000000e+01 -6.039274595138096613e-01 -1.671169503325016015e+00 2.588170331835196514e+00
7.800000000000000000e+01 6.368330202577844601e-02 -1.692979370616594759e+00 2.623746445659859816e+00
7.900000000000000000e+01 5.797128151857834366e-01 -1.665596613768665746e+00 2.544717421383494216e+00
8.000000000000000000e+01 3.034444430000734008e-02 -1.614578297332841972e+00 2.447292529303290110e+00
8.100000000000000000e+01 -5.311846298057796290e-01 -1.498826458654723304e+00 2.447251667567134970e+00
8.200000000000000000e+01 -5.169544613785769238e-01 -1.489911793712006105e+00 2.518277427187232576e+00
8.300000000000000000e+01 -1.020427093328932555e+00 -1.509419589492632774e+00 2.654670103450238017e+00
8.400000000000000000e+01 -3.291300379298015000e-01 -1.554334479143448133e+00 2.793539317095703467e+00
8.500000000000000000e+01 8.350226087781277284e-01 -1.591141782243897351e+00 2.774285666983122844e+00
8.600000000000000000e+01 7.676198946619809949e-01 -1.615912516984048697e+00 2.641299484525431396e+00
8.700000000000000000e+01 -3.368042465484347853e-02 -1.620864583559565197e+00 2.561515719213656617e+00
8.800000000000000000e+01 -5.112386990130078912e-01 -1.628437044003913758e+00 2.560829040107122090e+00
8.900000000000000000e+01 -1.179263222633160496e-01 -1.723894885152400303e+00 2.570832147937969214e+00
9.000000000000000000e+01 -2.087426501208217988e-01 -1.716359898439297149e+00 2.546941231551997920e+00
9.100000000000000000e+01 -2.075755543477315890e-01 -1.741932514621727490e+00 2.576034638204008242e+00
9.200000000000000000e+01 -6.282342177447303166e-02 -1.649247221920317807e+00 2.600196424889906766e+00
9.300000000000000000e+01 -2.298847934073330532e-02 -1.544048684210363120e+00 2.587954620027962616e+00
9.400000000000000000e+01 -4.140013485077269628e-01 -1.538405115367634579e+00 2.655593416769284509e+00
9.500000000000000000e+01 -9.451616465707743386e-02 -1.544050080058720908e+00 2.721262239019431206e+00
9.600000000000000000e+01 5.033304146997807926e-01 -1.537774601255596174e+00 2.749527390581022690e+00
9.700000000000000000e+01 2.484808906372245607e-01 -1.551315475648325171e+00 2.736281278973520692e+00
9.800000000000000000e+01 3.031116658427049915e-01 -1.607150998843944079e+00 2.705244085043621460e+00
9.900000000000000000e+01 1.779138374767663955e-01 -1.610578496803320103e+00 2.702567469296365932e+00
1.000000000000000000e+02 2.738702538363278066e-02 -1.579316348479842702e+00 2.706905124391099537e+00
