1.000000000000000000e+00 -9.642013044462380354e-15 -6.732151058189528560e-14 6.372449035697677004e-10
2.000000000000000000e+00 -9.628296277201133898e-21 -1.996193840663920842e-20 1.657648573281114946e-11
3.000000000000000000e+00 -4.989511578107124628e-21 -5.968872149186057812e-21 2.722020428114823954e-11
4.000000000000000000e+00 -7.695899813496477013e-21 -4.959224220859001086e-21 4.446139676829231175e-11
5.000000000000000000e+00 -2.047483523170129804e-20 -1.174055821059150466e-20 7.214414061316242258e-11
6.000000000000000000e+00 -2.929596086491799724e-20 -2.219489556313296439e-20 1.072977286607216561e-10
7.000000000000000000e+00 -3.979027927538852822e-20 -2.871923692547751906e-20 1.424900585889211229e-10
8.000000000000000000e+00 -6.860304914790315547e-20 -4.558180489923541057e-20 1.901288858698164381e-10
9.000000000000000000e+00 -1.432365309835894250e-19 -8.235330400117869960e-20 2.603622992020505829e-10
1.000000000000000000e+01 -2.486964084189281324e-19 -1.603310855693521878e-19 3.544537715981600860e-10
1.100000000000000000e+01 -4.477643070765402831e-19 -2.719705188963380919e-19 4.733247369167647065e-10
1.200000000000000000e+01 -8.101577027681851732e-19 -5.047599235659832428e-19 6.481420187151983607e-10
1.300000000000000000e+01 -1.436499531182056186e-18 -9.516274726347586530e-19 8.970672442051079852e-10
1.400000000000000000e+01 -2.111332832979007008e-18 -1.441937045245745121e-18 1.163948562593137491e-09
1.500000000000000000e+01 -3.662375386481856746e-18 -2.283292132634946560e-18 1.507056726041039428e-09
1.600000000000000000e+01 -7.527396578677066915e-18 -4.464532100830598712e-18 2.040401791346941223e-09
1.700000000000000000e+01 -1.347987425986516251e-17 -8.433938667436274034e-18 2.768021262602114941e-09
1.800000000000000000e+01 -2.376791580799541218e-17 -1.433924679703421045e-17 3.725543952563735422e-09
1.900000000000000000e+01 -4.258747484492726780e-17 -2.588219695203399905e-17 4.996186800129303740e-09
2.000000000000000000e+01 -7.256645987162979663e-17 -4.807072422206705820e-17 6.612465210471617006e-09
2.100000000000000000e+01 -1.313220392586335843e-16 -8.478173046300740383e-17 8.636637275964584853e-09
2.200000000000000000e+01 -2.628580266906033255e-16 -1.585107412328919003e-16 1.159688564625620238e-08
2.300000000000000000e+01 -5.284992431512173457e-16 -3.074354819333047560e-16 1.623090125732249131e-08
2.400000000000000000e+01 -9.807336400567405942e-16 -5.891933783043655704e-16 2.308028293959546309e-08
2.500000000000000000e+01 -1.508071831519421573e-15 -1.000291694904414138e-15 3.062379900333782158e-08
2.600000000000000000e+01 -2.623163623576826640e-15 -1.699443818066326955e-15 3.891303032995082743e-08
2.700000000000000000e+01 -5.610395356388166286e-15 -3.316629985134419550e-15 5.212429244526780113e-08
2.800000000000000000e+01 -1.226614984981468865e-14 -7.304839805037852531e-15 7.435132692882962845e-08
2.900000000000000000e+01 -1.857981256125286613e-14 -1.326531104413390567e-14 1.008349637686149554e-07
3.000000000000000000e+01 -2.379797036108945751e-14 -1.804375303864596526e-14 1.236058977847410049e-07
3.100000000000000000e+01 -4.070504646924710611e-14 -2.613387179238379257e-14 1.544809910637377329e-07
3.200000000000000000e+01 -8.366669853929864859e-14 -4.790122759210120162e-14 2.100280214755858420e-07
3.300000000000000000e+01 -1.515433201342598463e-13 -1.001448470451803687e-13 2.837132257014621194e-07
3.400000000000000000e+01 -2.450735166617940006e-13 -1.656621559753639002e-13 3.714306061657014152e-07
3.500000000000000000e+01 -4.055997153892387790e-13 -2.676157949536702426e-13 4.909185852674750121e-07
3.600000000000000000e+01 -7.351053030553775848e-13 -4.753874015084227861e-13 6.384448794671730364e-07
3.700000000000000000e+01 -1.293263415690772306e-12 -8.535731697050170531e-13 8.402371971561425383e-07
3.800000000000000000e+01 -2.147388297423695929e-12 -1.418837914581937919e-12 1.098988914322203287e-06
3.900000000000000000e+01 -3.078115578704576119e-12 -2.168333873992867746e-12 1.396167785092691027e-06
4.000000000000000000e+01 -5.301355607159685445e-12 -3.341004689339018675e-12 1.786245667083109710e-06
4.100000000000000000e+01 -1.250109491068116595e-11 -7.196071024201602928e-12 2.469796453632288282e-06
4.200000000000000000e+01 -1.922943269854716704e-11 -1.348666090813743120e-11 3.291254142115746659e-06
4.300000000000000000e+01 -3.249289605528845520e-11 -2.154383181528943451e-11 4.229585777873895424e-06
4.400000000000000000e+01 -5.785855144395233725e-11 -3.616187753106465397e-11 5.568459604249333175e-06
4.500000000000000000e+01 -1.128674524101027670e-10 -6.405717332930476309e-11 7.657432606336436043e-06
4.600000000000000000e+01 -2.263423125907240881e-10 -1.393465602382787268e-10 1.056298900625417982e-05
4.700000000000000000e+01 -4.877637188248016589e-10 -2.702830101827998733e-10 1.504706201009551095e-05
4.800000000000000000e+01 -7.970907359079445129e-10 -5.242550366783046053e-10 2.091949118399951760e-05
4.900000000000000000e+01 -1.472129523445380230e-09 -8.958853392280937862e-10 2.738548312208934437e-05
5.000000000000000000e+01 -2.736295333448738725e-09 -1.777634750945109743e-09 3.696081695955620296e-05
5.100000000000000000e+01 -4.846193847068469199e-09 -3.200903044669584978e-09 4.955287199014800522e-05
5.200000000000000000e+01 -7.956985911323879432e-09 -5.211726882386225724e-09 6.403859266948308320e-05
5.300000000000000000e+01 -1.332689972562830724e-08 -8.937892226115940599e-09 8.364837020020685705e-05
5.400000000000000000e+01 -2.024160988897051922e-08 -1.387463746772914031e-08 1.077401025269469833e-04
5.500000000000000000e+01 -3.085302138840365103e-08 -2.209975209287862485e-08 1.381520035465470635e-04
5.600000000000000000e+01 -5.125639445180984143e-08 -3.240698995396472917e-08 1.778794430305189909e-04
5.700000000000000000e+01 -1.099031437312858461e-07 -6.488823614835252763e-08 2.402904464146073658e-04
5.800000000000000000e+01 -2.031507265330439507e-07 -1.267443373469490013e-07 3.238362316511741892e-04
5.900000000000000000e+01 -3.967506376562718999e-07 -2.441773359049672224e-07 4.359858942350344443e-04
6.000000000000000000e+01 -7.652309570801217543e-07 -4.533178466651265408e-07 5.975837657929175236e-04
6.100000000000000000e+01 -1.255601361406445432e-06 -8.851869149011321769e-07 7.907675885624627097e-04
6.200000000000000000e+01 -1.475009604146586215e-06 -1.188192204802223212e-06 9.742250488388189524e-04
6.300000000000000000e+01 -2.260067084302361326e-06 -1.549028327766796971e-06 1.207567245108485260e-03
6.400000000000000000e+01 -4.247423319949488969e-06 -2.589623212270404338e-06 1.563301503301580114e-03
6.500000000000000000e+01 -7.947157306253947083e-06 -4.767762913708491336e-06 2.105417116619635008e-03
6.600000000000000000e+01 -1.560107334446896856e-05 -9.733045799978337070e-06 2.878195533933081834e-03
6.700000000000000000e+01 -2.799718960943410365e-05 -1.644307847150720047e-05 3.850885312066779174e-03
6.800000000000000000e+01 -6.177122558079320988e-05 -3.511684706997216275e-05 5.368503927698170183e-03
6.900000000000000000e+01 -1.332335449040844902e-04 -7.583897088886873265e-05 7.671142073719994237e-03
7.000000000000000000e+01 -2.342717701978198896e-04 -1.485107559236996660e-04 1.057696130276041500e-02
7.100000000000000000e+01 -3.647076001141477501e-04 -2.532266532752115457e-04 1.394902068444067028e-02
7.200000000000000000e+01 -5.954873642498005821e-04 -3.911549970056903028e-04 1.822308660963719781e-02
7.300000000000000000e+01 -1.055893865345957239e-03 -6.590550713017811818e-04 2.421047216250109269e-02
7.400000000000000000e+01 -1.929707579268416994e-03 -1.210833207435981071e-03 3.242589304139640444e-02
7.500000000000000000e+01 -3.944347944581682794e-03 -2.370282692108425290e-03 4.454738841012893802e-02
7.600000000000000000e+01 -7.222425894677555330e-03 -4.625336845957284983e-03 6.072105933199806183e-02
7.700000000000000000e+01 -1.251138984256368845e-02 -7.681029558134705795e-03 8.219153399217318801e-02
7.800000000000000000e+01 -2.295235669960937752e-02 -1.398065417112701048e-02 1.144080426632097525e-01
7.900000000000000000e+01 -4.012554725756232316e-02 -2.634909129137467942e-02 1.510054207054011277e-01
8.000000000000000000e+01 -7.443328339210547595e-02 -4.691186789224479486e-02 2.010549300868734457e-01
8.100000000000000000e+01 -1.427546060624704793e-01 -8.593259723238021175e-02 2.747164209634202492e-01
8.200000000000000000e+01 -2.812012270820079540e-01 -1.618380526319385115e-01 3.854739467986286194e-01
8.300000000000000000e+01 -4.513810564633607969e-01 -2.722039711673669427e-01 5.220016032174201737e-01
8.400000000000000000e+01 -5.584082606666066484e-01 -4.187026256581680705e-01 6.609846870472427804e-01
8.500000000000000000e+01 -7.043358607758219980e-01 -5.348967178138160916e-01 7.949013501711494900e-01
8.600000000000000000e+01 -1.002536625383499080e+00 -6.290023917298510625e-01 9.724597659813987161e-01
8.700000000000000000e+01 -1.462020789945434052e+00 -8.348277929614041915e-01 1.250051425193065668e+00
8.800000000000000000e+01 -1.652284863859125430e+00 -1.069989699375521575e+00 1.559945528903772027e+00
8.900000000000000000e+01 -1.676733880393805665e+00 -1.344516694352675845e+00 1.849740710678302369e+00
9.000000000000000000e+01 -1.219803342804380852e+00 -1.481296489918651593e+00 2.069676012035266410e+00
9.100000000000000000e+01 -5.713057592586305855e-01 -1.517454373661371481e+00 2.199725866694396181e+00
9.200000000000000000e+01 -2.379932631239130847e-01 -1.531597978417186701e+00 2.289569405896076049e+00
9.300000000000000000e+01 -1.855699041571445829e-02 -1.506695957289582388e+00 2.277340369824220279e+00
9.400000000000000000e+01 -3.268895093525458484e-01 -1.524417743796132818e+00 2.244788439386282253e+00
9.500000000000000000e+01 -2.216230880739890052e-01 -1.603361174130245814e+00 2.253630536172193111e+00
9.600000000000000000e+01 -6.020270019119247085e-01 -1.623416921999441431e+00 2.253717817914950405e+00
9.700000000000000000e+01 -7.641940943942174824e-01 -1.674265980177982449e+00 2.329564848770115937e+00
9.800000000000000000e+01 -4.468224765364146034e-01 -1.701104970667989713e+00 2.424526755303855641e+00
9.900000000000000000e+01 1.965702309395717939e-01 -1.652496563105192218e+00 2.457558236057167722e+00
1.000000000000000000e+02 2.890201906939881549e-01 -1.589782220422905956e+00 2.411200653317181697e+00
