1.000000000000000000e+00 2.027303372995909886e-14 -1.683037764582927581e-14 6.372459293451871925e-10
2.000000000000000000e+00 -5.823419678086610762e-20 -4.043099387816628038e-20 1.978344495931653685e-11
3.000000000000000000e+00 -1.171285534351035777e-19 -7.176905635944564685e-20 5.581263464904095487e-11
4.000000000000000000e+00 -2.304023498599699493e-19 -1.504434978377287506e-19 1.277938793479332092e-10
5.000000000000000000e+00 -5.169063500949438979e-19 -3.403767709358681373e-19 2.543105403265991852e-10
6.000000000000000000e+00 -1.461595638029996141e-18 -8.740560956931922884e-19 4.676075033422244340e-10
7.000000000000000000e+00 -3.986004573732719083e-18 -2.480790789484092811e-18 8.517664166843624466e-10
8.000000000000000000e+00 -1.338536537042941330e-17 -7.740104050899691164e-18 1.561788077964985528e-09
9.000000000000000000e+00 -4.360386932252082070e-17 -2.701875487487188033e-17 2.808740789767874886e-09
1.000000000000000000e+01 -1.246006539395327554e-16 -7.922493478968611544e-17 4.840479098984479813e-09
1.100000000000000000e+01 -3.300242444163463313e-16 -2.109148645712556967e-16 8.259789458775612784e-09
1.200000000000000000e+01 -8.230335788450506700e-16 -5.385274041192890319e-16 1.358583884677422965e-08
1.300000000000000000e+01 -2.051648365743895062e-15 -1.269591065570438133e-15 2.188030340326888426e-08
1.400000000000000000e+01 -5.845812951283019634e-15 -3.586462782802235684e-15 3.689514732863431552e-08
1.500000000000000000e+01 -1.707591287006949283e-14 -9.890977778699447672e-15 6.070950576956720168e-08
1.600000000000000000e+01 -5.698637210076087717e-14 -3.488968930670431986e-14 1.059793725540269644e-07
1.700000000000000000e+01 -1.634621327867909969e-13 -1.002698313106762671e-13 1.835415798752235254e-07
1.800000000000000000e+01 -4.751606976168826255e-13 -2.985866313287587793e-13 3.152689976171735680e-07
1.900000000000000000e+01 -1.289437340220066198e-12 -8.014357908755296618e-13 5.358776977208606287e-07
2.000000000000000000e+01 -4.116918435688266550e-12 -2.475482221403366939e-12 9.320537151579712885e-07
2.100000000000000000e+01 -1.357294045387270693e-11 -8.165735841035811316e-12 1.641962059539786170e-06
2.200000000000000000e+01 -4.564453144408202074e-11 -2.853334072758687416e-11 2.959863063715852719e-06
2.300000000000000000e+01 -1.322671150020357895e-10 -8.435892064550118654e-11 5.168255204381859239e-06
2.400000000000000000e+01 -4.016830455192509676e-10 -2.401980813369649267e-10 8.922092346900985203e-06
2.500000000000000000e+01 -1.079039324035899510e-09 -6.897460643619835666e-10 1.516638291053719953e-05
2.600000000000000000e+01 -2.898722785076937716e-09 -1.743527011655603438e-09 2.549813709139841280e-05
2.700000000000000000e+01 -8.399649188838011368e-09 -5.047932747562802496e-09 4.343734885129767306e-05
2.800000000000000000e+01 -2.875823849338643963e-08 -1.692120005011635935e-08 7.556445429064223779e-05
2.900000000000000000e+01 -7.731571207684647166e-08 -5.317440902199093894e-08 1.278898487116700430e-04
3.000000000000000000e+01 -2.359841029062769232e-07 -1.412057702435902777e-07 2.188843187250362184e-04
3.100000000000000000e+01 -6.603358560566380209e-07 -4.134606260139682538e-07 3.675428016073353050e-04
3.200000000000000000e+01 -1.949271181383354492e-06 -1.136636646155672587e-06 6.334056720187653672e-04
3.300000000000000000e+01 -6.883593744976818520e-06 -3.995483861046269086e-06 1.141594737374174422e-03
3.400000000000000000e+01 -2.061129813863067547e-05 -1.231623058082453352e-05 2.052956368736852995e-03
3.500000000000000000e+01 -7.600523098338716327e-05 -4.569737525905608787e-05 3.761996171372372980e-03
3.600000000000000000e+01 -2.420361482494412856e-04 -1.530509776090089430e-04 6.624555525661571416e-03
3.700000000000000000e+01 -7.534886088620294450e-04 -4.577509416755303991e-04 1.175479982477941818e-02
3.800000000000000000e+01 -2.216325557773571580e-03 -1.350166996738090585e-03 2.069621479316126680e-02
3.900000000000000000e+01 -6.327266904463689501e-03 -4.058118519411152425e-03 3.632294437654261243e-02
4.000000000000000000e+01 -1.868454096681404844e-02 -1.124282317868025190e-02 6.357158692143238810e-02
4.100000000000000000e+01 -5.579371397616353367e-02 -3.373174420528100848e-02 1.097596048269622454e-01
4.200000000000000000e+01 -1.558012377498682044e-01 -9.111808519421953079e-02 1.891262107429114714e-01
4.300000000000000000e+01 -3.577464038657803824e-01 -2.259267680043217374e-01 3.161609115508487444e-01
4.400000000000000000e+01 -6.610540011690587692e-01 -4.129779788965861620e-01 4.880404389315722846e-01
4.500000000000000000e+01 -1.176413031518247276e+00 -6.588747167876218835e-01 7.266240863154060925e-01
4.600000000000000000e+01 -1.534143475679758950e+00 -9.123476888854800126e-01 9.956340912344258109e-01
4.700000000000000000e+01 -2.108240138431062061e+00 -1.124721539398699122e+00 1.309227436726829286e+00
4.800000000000000000e+01 -2.232560794495306311e+00 -1.363059508639672623e+00 1.635122418495693397e+00
4.900000000000000000e+01 -2.017908408815595855e+00 -1.513635632074369353e+00 1.878349164632359125e+00
5.000000000000000000e+01 -1.930132794712377420e+00 -1.582614668216680398e+00 2.068247101576092373e+00
5.100000000000000000e+01 -1.461232881872678524e+00 -1.635452749095803515e+00 2.251751350505613924e+00
5.200000000000000000e+01 -1.241552320334537107e+00 -1.669688669241327972e+00 2.394859203272586168e+00
5.300000000000000000e+01 -8.212543539682188865e-01 -1.646051224903303245e+00 2.450958048610256235e+00
5.400000000000000000e+01 -2.727478908118918244e-01 -1.538081255327975905e+00 2.505804675098624479e+00
5.500000000000000000e+01 -1.427023305123289176e-01 -1.557177382676072641e+00 2.551447195802342360e+00
5.600000000000000000e+01 -3.524104814058264257e-01 -1.547409766941829412e+00 2.593692188749422645e+00
5.700000000000000000e+01 -3.607829506511544548e-01 -1.534154745869260372e+00 2.651440577149536182e+00
5.800000000000000000e+01 6.121856344710615433e-02 -1.556259622671983367e+00 2.683379962382953288e+00
5.900000000000000000e+01 -1.575958333170641296e-02 -1.586610067452187245e+00 2.664821401975175696e+00
6.000000000000000000e+01 -3.170710768681534453e-01 -1.571455658213391171e+00 2.678923361816478277e+00
6.100000000000000000e+01 7.046740276805654908e-03 -1.561628730821490008e+00 2.714832234071956840e+00
6.200000000000000000e+01 -3.332896028275044165e-01 -1.600861071110669664e+00 2.756160724856338007e+00
6.300000000000000000e+01 -2.082178656092901758e-01 -1.629371044115192291e+00 2.782157705181055540e+00
6.400000000000000000e+01 4.026313390625029798e-01 -1.668970240921446413e+00 2.822106021655855113e+00
6.500000000000000000e+01 5.226999046984170949e-01 -1.628258259251213369e+00 2.797888576018731310e+00
6.600000000000000000e+01 -1.376193668797952296e-01 -1.574902228389294834e+00 2.767990919081271262e+00
6.700000000000000000e+01 -4.097855394001135854e-01 -1.611163072020348030e+00 2.831469159277430148e+00
6.800000000000000000e+01 4.075771285728279070e-01 -1.616901840382805045e+00 2.913222210504948784e+00
6.900000000000000000e+01 8.050981287950333964e-01 -1.626374757826368533e+00 2.823810192615784143e+00
7.000000000000000000e+01 3.842666862692610263e-01 -1.611125539021742936e+00 2.773170415485493923e+00
7.100000000000000000e+01 2.445621183745455840e-01 -1.593099810877668387e+00 2.728814476012351609e+00
7.200000000000000000e+01 2.538146989671715703e-01 -1.569751614327725919e+00 2.668871467292180277e+00
7.300000000000000000e+01 -4.309892260871484582e-01 -1.571680065207893273e+00 2.657850047682031036e+00
7.400000000000000000e+01 -3.832973851813463728e-01 -1.629523236558289012e+00 2.705139897519214021e+00
7.500000000000000000e+01 8.242672144043487747e-02 -1.622698950727597511e+00 2.713739565176734647e+00
7.600000000000000000e+01 -3.940638904560608141e-02 -1.578736615415996081e+00 2.731078790580802274e+00
7.700000000000000000e+01 -3.059324089300392568e-01 -1.577798740245502929e+00 2.758099438474149068e+00
7.800000000000000000e+01 -1.010632948612645993e-01 -1.624164618396740867e+00 2.819841232120213093e+00
7.900000000000000000e+01 3.914914784337211184e-01 -1.612611020187327826e+00 2.847713438682930587e+00
8.000000000000000000e+01 7.617687326970977724e-01 -1.598538266281506193e+00 2.810403882675526432e+00
8.100000000000000000e+01 4.960951389494432928e-01 -1.582291181553249437e+00 2.727110187427659316e+00
8.200000000000000000e+01 1.478180538771680930e-01 -1.618972443783004422e+00 2.669336276883719439e+00
8.300000000000000000e+01 -2.655724271398455377e-02 -1.610290533458621276e+00 2.670365384802578124e+00
8.400000000000000000e+01 -6.093877159431590473e-02 -1.575322213008240269e+00 2.684759172196505173e+00
8.500000000000000000e+01 3.500591355077934952e-01 -1.602141085310758939e+00 2.699133241219972223e+00
8.600000000000000000e+01 -5.704801217921683099e-02 -1.581681615141905306e+00 2.660289085437695711e+00
8.700000000000000000e+01 7.444023135556311621e-02 -1.575963754956106744e+00 2.641595365977406296e+00
8.800000000000000000e+01 3.354652633455774691e-01 -1.542454123617615247e+00 2.607977257657775993e+00
8.900000000000000000e+01 -5.205061006986562155e-01 -1.506728587844605061e+00 2.607813409995892506e+00
9.000000000000000000e+01 -5.703318139523306796e-01 -1.528609032843393223e+00 2.663627450668952790e+00
9.100000000000000000e+01 -3.780428052959326490e-01 -1.582252264953789123e+00 2.735409093700321037e+00
9.200000000000000000e+01 3.790179360688082921e-01 -1.550447957951641031e+00 2.719723440991617558e+00
9.300000000000000000e+01 -1.716702661316759360e-01 -1.548413454222680619e+00 2.683879647023271531e+00
9.400000000000000000e+01 -2.974221635080116499e-01 -1.627694421955436344e+00 2.733999691426808099e+00
9.500000000000000000e+01 -1.417385885508097021e-01 -1.684529641156016666e+00 2.741742500020598161e+00
9.600000000000000000e+01 3.654754329937894841e-01 -1.675076193798875623e+00 2.740701898024315408e+00
9.700000000000000000e+01 3.772919154006978415e-01 -1.670784778698711781e+00 2.683232263298468201e+00
9.800000000000000000e+01 -2.049304996455920680e-01 -1.658840790870274695e+00 2.629496385951962001e+00
9.900000000000000000e+01 -3.286048271593654257e-02 -1.632930541296410576e+00 2.602995999684368122e+00
1.000000000000000000e+02 -2.853083378989488272e-01 -1.647116439737882798e+00 2.593728537431487791e+00
