1.000000000000000000e+00 -1.313412943880993509e-14 -8.415188822533053265e-15 6.372449468994103469e-10
2.000000000000000000e+00 -2.177023762925767513e-18 -1.518729290487337081e-18 7.208125680557948826e-11
3.000000000000000000e+00 -1.149390824126003859e-17 -5.714629745197791641e-18 2.941006498208748119e-10
4.000000000000000000e+00 -1.337407884033162026e-16 -6.479802679458926133e-17 1.102146388281764106e-09
5.000000000000000000e+00 -1.536112260578042379e-15 -9.792002910023394488e-16 3.561096267249727206e-09
6.000000000000000000e+00 -6.612436807210009213e-15 -4.453852349996496624e-15 1.050781355594976273e-08
7.000000000000000000e+00 -2.838668234364792355e-14 -1.971628270966425338e-14 2.890576448119212998e-08
8.000000000000000000e+00 -1.064376277410676885e-13 -6.397221937377528687e-14 7.352934769056589544e-08
9.000000000000000000e+00 -6.597481163767214990e-13 -3.896852001595109409e-13 1.887457125297123847e-07
1.000000000000000000e+01 -4.400136015134947077e-12 -2.475519446597741944e-12 5.006228272607121123e-07
1.100000000000000000e+01 -2.103508674851497001e-11 -1.266712628844339045e-11 1.266304435174128531e-06
1.200000000000000000e+01 -1.115542181509605624e-10 -7.034311350426287887e-11 3.113873660006267314e-06
1.300000000000000000e+01 -6.808309283069313978e-10 -4.048337181599344152e-10 7.670482344205281809e-06
1.400000000000000000e+01 -2.995251523654910482e-09 -1.933178653039557591e-09 1.833906008326614668e-05
1.500000000000000000e+01 -1.316473840591390802e-08 -8.229169691783920965e-09 4.023918988968187859e-05
1.600000000000000000e+01 -6.963512105370522740e-08 -4.240238841235526214e-08 9.128823108077563277e-05
1.700000000000000000e+01 -3.502589136268977021e-07 -2.105822080652638748e-07 2.058178048278448702e-04
1.800000000000000000e+01 -2.101867986171887404e-06 -1.271569015728823753e-06 4.738608267309759887e-04
1.900000000000000000e+01 -1.107097953762214418e-05 -6.834726393497311144e-06 1.087968183443716085e-03
2.000000000000000000e+01 -5.385740043181952126e-05 -3.394002848528252295e-05 2.526835016623241257e-03
2.100000000000000000e+01 -2.911459429417086338e-04 -1.767537688712842738e-04 5.743171791995066791e-03
2.200000000000000000e+01 -1.385833153261072396e-03 -8.741336174756974458e-04 1.302216215660973765e-02
2.300000000000000000e+01 -7.318837559089867197e-03 -4.350601567817774518e-03 2.870604020019633731e-02
2.400000000000000000e+01 -3.989248170580769054e-02 -2.424564646216739380e-02 6.468333926616058605e-02
2.500000000000000000e+01 -1.455781693755641149e-01 -8.884079057116066325e-02 1.390552445640662327e-01
2.600000000000000000e+01 -4.628315996090233142e-01 -2.726451939464728524e-01 2.899338003215877202e-01
2.700000000000000000e+01 -1.124658633062957325e+00 -6.476423737297664074e-01 5.578103623742246553e-01
2.800000000000000000e+01 -1.799207830330262103e+00 -1.055984837310528279e+00 9.098081995590835414e-01
2.900000000000000000e+01 -2.280138229675271688e+00 -1.389637496318076648e+00 1.251264620177015452e+00
3.000000000000000000e+01 -2.328717868774510258e+00 -1.605073073685844287e+00 1.532698525345205232e+00
3.100000000000000000e+01 -2.272883153518463484e+00 -1.690044526649858714e+00 1.761438642340294347e+00
3.200000000000000000e+01 -1.938184357307476846e+00 -1.628667340294856380e+00 1.921940930226318622e+00
3.300000000000000000e+01 -1.948603416299693469e+00 -1.550843164228647764e+00 2.098206226853826628e+00
3.400000000000000000e+01 -1.128141137259423443e+00 -1.495280136798082360e+00 2.243003592544237090e+00
3.500000000000000000e+01 -7.440923274941616539e-01 -1.450883264890953095e+00 2.325820061177791942e+00
3.600000000000000000e+01 -9.402825274965461722e-01 -1.447871128592496337e+00 2.389734854714578027e+00
3.700000000000000000e+01 -1.186803499470167500e+00 -1.506885576513743219e+00 2.506840186983475327e+00
3.800000000000000000e+01 -9.338383656312300163e-01 -1.626228864537338836e+00 2.596833441109248852e+00
3.900000000000000000e+01 -7.498611880165942933e-01 -1.690503813245075371e+00 2.671605249444231944e+00
4.000000000000000000e+01 -1.800706194620181610e-01 -1.684574054228674456e+00 2.723988384732716206e+00
4.100000000000000000e+01 2.455508735225231942e-01 -1.608399041218839143e+00 2.706665092195362110e+00
4.200000000000000000e+01 -2.606361170269935745e-01 -1.547594461966706803e+00 2.730811170879501759e+00
4.300000000000000000e+01 -2.953570887558837343e-01 -1.541321670437003855e+00 2.763178908346614282e+00
4.400000000000000000e+01 1.254796159034357039e-01 -1.551628377384919100e+00 2.796305032620692632e+00
4.500000000000000000e+01 4.023606378034691455e-01 -1.540078834340629310e+00 2.766916476597617525e+00
4.600000000000000000e+01 6.387072154829630255e-02 -1.552703125778630566e+00 2.739977453289834219e+00
4.700000000000000000e+01 -5.434170796399965253e-01 -1.593121440876053230e+00 2.748499323724650445e+00
4.800000000000000000e+01 -6.190568454888193406e-01 -1.596662007929066318e+00 2.814863423183905144e+00
4.900000000000000000e+01 1.787307558290713305e-01 -1.628704977188187852e+00 2.847027035461208833e+00
5.000000000000000000e+01 2.392986972426855985e-01 -1.691352553466040742e+00 2.819449516196760541e+00
5.100000000000000000e+01 2.013999303311821976e-01 -1.746224793144090626e+00 2.811470597491787071e+00
5.200000000000000000e+01 -1.055410424661142738e-01 -1.757887470942857577e+00 2.773681932887753998e+00
5.300000000000000000e+01 2.148888492168809228e-01 -1.719713127633629712e+00 2.769743943994191326e+00
5.400000000000000000e+01 1.331218312990190833e-01 -1.630697903383566238e+00 2.774150324155390646e+00
5.500000000000000000e+01 1.768379906404179969e-01 -1.574221435209326447e+00 2.777906200456916608e+00
5.600000000000000000e+01 -1.768243188952502432e-01 -1.573186781970350001e+00 2.787311701024695942e+00
5.700000000000000000e+01 5.529936285939551777e-02 -1.574513096866309469e+00 2.830294894206409229e+00
5.800000000000000000e+01 5.957154096960499690e-01 -1.555714103456422137e+00 2.853538915985674329e+00
5.900000000000000000e+01 5.603303665104840681e-01 -1.518504602205681397e+00 2.806557477295430481e+00
6.000000000000000000e+01 1.385795678382815144e-01 -1.503519258537957981e+00 2.754338917758256677e+00
6.100000000000000000e+01 1.412483675106384617e-01 -1.493790345936207853e+00 2.768124840990477953e+00
6.200000000000000000e+01 -2.798411171237017991e-01 -1.545500694587198298e+00 2.781406807925955960e+00
6.300000000000000000e+01 -9.891855541175549604e-02 -1.656185602608728491e+00 2.854831165791799297e+00
6.400000000000000000e+01 2.123952223160979202e-01 -1.695657605940218415e+00 2.853828312673196255e+00
6.500000000000000000e+01 5.389588262512881034e-01 -1.685962519301855478e+00 2.820477072726604195e+00
6.600000000000000000e+01 -1.170668741886130432e-01 -1.636560213886804283e+00 2.769187644752167721e+00
6.700000000000000000e+01 -2.233449986702282231e-01 -1.628350491236682851e+00 2.779470540711847626e+00
6.800000000000000000e+01 1.929102711262557224e-01 -1.588606096743393925e+00 2.786813599094679184e+00
6.900000000000000000e+01 5.183328028160549827e-01 -1.585688159722686841e+00 2.681158662180533447e+00
7.000000000000000000e+01 -5.761850854323092852e-01 -1.626559500249514123e+00 2.657762419742016213e+00
7.100000000000000000e+01 -3.545021845919038572e-01 -1.626075063035292922e+00 2.726789955737060733e+00
7.200000000000000000e+01 -4.965494522717036480e-02 -1.620934009443691037e+00 2.741914696401928531e+00
7.300000000000000000e+01 -6.681534059305996309e-02 -1.622297195592624863e+00 2.740908425373293156e+00
7.400000000000000000e+01 4.679116290649282250e-01 -1.622358381488914647e+00 2.740015145184730105e+00
7.500000000000000000e+01 2.228355098007488988e-01 -1.598377494144062272e+00 2.662521557765004321e+00
7.600000000000000000e+01 -3.702284969195165920e-01 -1.564758615125481978e+00 2.647783270771993269e+00
7.700000000000000000e+01 -2.924214834785378025e-01 -1.579170893019622435e+00 2.689152471272030720e+00
7.800000000000000000e+01 2.880297774375287917e-02 -1.545076310977974154e+00 2.691495280485152186e+00
7.900000000000000000e+01 3.409614083393324585e-02 -1.569926310061100061e+00 2.686516765166043541e+00
8.000000000000000000e+01 -2.623063083324789213e-01 -1.607153627745447677e+00 2.664114460807935902e+00
8.100000000000000000e+01 -3.514345800610119697e-01 -1.631010345706306763e+00 2.654956679346920811e+00
8.200000000000000000e+01 -2.231948950616279848e-01 -1.644695904952172549e+00 2.646276535556937759e+00
8.300000000000000000e+01 -3.667628237659160684e-01 -1.611463502126821101e+00 2.692073664211823925e+00
8.400000000000000000e+01 -1.723301704066161899e-01 -1.571456834763544252e+00 2.768839774681158161e+00
8.500000000000000000e+01 3.880856336669293305e-01 -1.568061130725206587e+00 2.771436048912494954e+00
8.600000000000000000e+01 2.937242047863955485e-01 -1.546914317005541717e+00 2.692386147424510767e+00
8.700000000000000000e+01 -3.301311174391595438e-02 -1.536465360492347498e+00 2.650137789142143152e+00
8.800000000000000000e+01 -2.675485847488482394e-01 -1.555799508612485393e+00 2.668053690541207335e+00
8.900000000000000000e+01 -4.529013806158358468e-01 -1.557978776910856622e+00 2.718693752785843465e+00
9.000000000000000000e+01 -3.610702446950477817e-01 -1.580628843897819102e+00 2.784737320392533189e+00
9.100000000000000000e+01 -1.326272276509521952e-01 -1.628498619041051088e+00 2.844271950927874659e+00
9.200000000000000000e+01 4.245374925343745609e-01 -1.665546870781762445e+00 2.835168608932352452e+00
9.300000000000000000e+01 -1.415571590729176599e-01 -1.678890699826839805e+00 2.780654219668517779e+00
9.400000000000000000e+01 1.433893390819793168e-01 -1.662612751747983619e+00 2.750962936271434511e+00
9.500000000000000000e+01 3.704370165515025876e-02 -1.624378018157474735e+00 2.755106578419737495e+00
9.600000000000000000e+01 1.586991127186003214e-01 -1.605303766373619823e+00 2.752213001486838895e+00
9.700000000000000000e+01 3.528688542924922067e-01 -1.548067944672443241e+00 2.751410374688726179e+00
9.800000000000000000e+01 -1.562355174253720336e-01 -1.491419524806463004e+00 2.765281164246033097e+00
9.900000000000000000e+01 -3.254481199195856100e-01 -1.467916246328180518e+00 2.817855372884761511e+00
1.000000000000000000e+02 -8.081833558146250818e-02 -1.502605775194736148e+00 2.851927293575625910e+00
