1.000000000000000000e+00 1.385824408732567732e-14 -4.207594411367908670e-15 6.372449562267408100e-10
2.000000000000000000e+00 -4.657594280592501881e-18 -3.328918305721379561e-18 1.081861567678850048e-10
3.000000000000000000e+00 -1.155556108676790426e-17 -8.381954579716844670e-18 3.455765644013956649e-10
4.000000000000000000e+00 -9.546269331914180977e-17 -5.819485830920026914e-17 1.386345781254480914e-09
5.000000000000000000e+00 -8.003438166792104502e-16 -4.752342287267260998e-16 5.272290550014709720e-09
6.000000000000000000e+00 -7.879236900997223113e-15 -4.611455489471465776e-15 1.948029927391283860e-08
7.000000000000000000e+00 -1.036280602867563837e-13 -6.316310783343719610e-14 7.446992462273668397e-08
8.000000000000000000e+00 -1.460333840430887200e-12 -8.355587458482514721e-13 2.780051202011093572e-07
9.000000000000000000e+00 -2.643234173012923694e-11 -1.548145618334577979e-11 1.112376624788523135e-06
1.000000000000000000e+01 -3.615230905755717309e-10 -2.059119742700817387e-10 4.405302235873261053e-06
1.100000000000000000e+01 -7.001602534083517504e-09 -4.048775248418217967e-09 1.804835042783978544e-05
1.200000000000000000e+01 -1.599766729198107378e-07 -9.097829338928015617e-08 7.857494447287933712e-05
1.300000000000000000e+01 -3.199809825059647859e-06 -1.895789995312489664e-06 3.467433917964287391e-04
1.400000000000000000e+01 -1.138523295676398413e-04 -6.142099298026229711e-05 1.500469824904750345e-03
1.500000000000000000e+01 -1.129501739224173179e-03 -6.482772829702254311e-04 6.171356925992427939e-03
1.600000000000000000e+01 -1.060294225311799766e-02 -6.157336104935251693e-03 2.393148677864326973e-02
1.700000000000000000e+01 -1.118920295238452489e-01 -6.238600162808140281e-02 8.800120263745123128e-02
1.800000000000000000e+01 -6.111178564394695867e-01 -3.489032428234626337e-01 2.764641638996122031e-01
1.900000000000000000e+01 -1.544261365077119086e+00 -8.535034444741462778e-01 6.235926140479122193e-01
2.000000000000000000e+01 -2.192494618094971148e+00 -1.285056609681171080e+00 1.018676300267368662e+00
2.100000000000000000e+01 -2.260003160982822834e+00 -1.496088253999740658e+00 1.338891208535591515e+00
2.200000000000000000e+01 -2.107459731189814889e+00 -1.557069795093183551e+00 1.538667772136387502e+00
2.300000000000000000e+01 -2.011807202572815534e+00 -1.580218286259972738e+00 1.709811778351679079e+00
2.400000000000000000e+01 -1.868867134708265931e+00 -1.604625606146982353e+00 1.830066739569332190e+00
2.500000000000000000e+01 -1.759544818685143897e+00 -1.589774112326108435e+00 1.948723304704275572e+00
2.600000000000000000e+01 -1.853533579165300038e+00 -1.555689146407909673e+00 2.089903338143599854e+00
2.700000000000000000e+01 -1.700794083159299364e+00 -1.531026710788028211e+00 2.265923835510653905e+00
2.800000000000000000e+01 -1.031270336539674037e+00 -1.493443891341510676e+00 2.408265983830542023e+00
2.900000000000000000e+01 -8.648934523028881660e-01 -1.479558896490189790e+00 2.522421077360700981e+00
3.000000000000000000e+01 -6.728490589588738136e-01 -1.481463247995142618e+00 2.633723469405246931e+00
3.100000000000000000e+01 -2.448685981856535132e-01 -1.513862668867394845e+00 2.677265889548373856e+00
3.200000000000000000e+01 -4.873368283126893602e-02 -1.555067001644405700e+00 2.680122075649874702e+00
3.300000000000000000e+01 -3.443640423361407632e-01 -1.569767940606290768e+00 2.672139999534935750e+00
3.400000000000000000e+01 3.487193832516054942e-02 -1.573919822114959732e+00 2.648833625391486368e+00
3.500000000000000000e+01 -5.364802329282948312e-01 -1.620855313085424632e+00 2.600543755240252164e+00
3.600000000000000000e+01 -4.801848047170808043e-01 -1.681592134024956220e+00 2.641999200386374813e+00
3.700000000000000000e+01 -6.356684533822015704e-01 -1.723228448447663652e+00 2.647905723835652925e+00
3.800000000000000000e+01 -4.450172212045503395e-01 -1.710566431609282789e+00 2.672164863484509212e+00
3.900000000000000000e+01 -6.066079326772518820e-01 -1.600818238671166904e+00 2.749412269520678187e+00
4.000000000000000000e+01 -8.148068619388876277e-02 -1.548435610793591488e+00 2.800741774188367561e+00
4.100000000000000000e+01 2.295683350726700489e-01 -1.530109533215090911e+00 2.825351942179073372e+00
4.200000000000000000e+01 2.259503269475806597e-01 -1.545441892534175743e+00 2.794941439093501678e+00
4.300000000000000000e+01 -2.365575542285587862e-01 -1.616094649006752704e+00 2.811122397045573873e+00
4.400000000000000000e+01 1.798621359311708690e-01 -1.683544523745904797e+00 2.794904560644448921e+00
4.500000000000000000e+01 -1.359698257464888593e-01 -1.715490156376364705e+00 2.767076978140657673e+00
4.600000000000000000e+01 6.845162820265360271e-02 -1.681757707487762099e+00 2.762253990989468111e+00
4.700000000000000000e+01 -1.250954743541269829e-02 -1.589893053347415819e+00 2.763495411761802689e+00
4.800000000000000000e+01 -1.369032202057002545e-01 -1.510760023030748744e+00 2.773228658141237979e+00
4.900000000000000000e+01 -6.690061652194506658e-02 -1.502052969440543562e+00 2.793529118294851621e+00
5.000000000000000000e+01 -2.247722085657466451e-01 -1.545827657811692735e+00 2.818499440621257346e+00
5.100000000000000000e+01 -7.017850387446046556e-02 -1.633331644520332970e+00 2.869023722676169896e+00
5.200000000000000000e+01 6.698365222311740697e-01 -1.706333334796137136e+00 2.830839366858846518e+00
5.300000000000000000e+01 1.579074276473241001e-01 -1.711882620541218980e+00 2.755791298857078075e+00
5.400000000000000000e+01 1.784858213785456837e-01 -1.672857958634611064e+00 2.736157531902196904e+00
5.500000000000000000e+01 4.233889759802414443e-01 -1.629957235998332532e+00 2.655771651720355564e+00
5.600000000000000000e+01 2.365544615700763617e-02 -1.575816085769242481e+00 2.573344528018331800e+00
5.700000000000000000e+01 -7.430243155829763246e-01 -1.568657833362663956e+00 2.580644438186058487e+00
5.800000000000000000e+01 -4.170971977232091898e-01 -1.580491148714523231e+00 2.647671246156648284e+00
5.900000000000000000e+01 -2.726749435180245845e-02 -1.589933391819299491e+00 2.670807918275757586e+00
6.000000000000000000e+01 5.775551062999682156e-02 -1.580759688000752616e+00 2.654536187420365234e+00
6.100000000000000000e+01 -2.125525315314206465e-01 -1.590090546991779652e+00 2.640320503150360043e+00
6.200000000000000000e+01 -2.920004732388964963e-01 -1.646764824203265976e+00 2.623337303246827013e+00
6.300000000000000000e+01 -3.827130089442431493e-01 -1.688063213398311557e+00 2.616179688318795993e+00
6.400000000000000000e+01 -3.785953491678069605e-01 -1.656612866228747594e+00 2.650073190746215168e+00
6.500000000000000000e+01 -1.455720408042444902e-01 -1.596947577537073615e+00 2.725488226070582609e+00
6.600000000000000000e+01 1.195335595404117407e-01 -1.564009993950336908e+00 2.755942089464780143e+00
6.700000000000000000e+01 1.125148781054566421e-01 -1.537048599636209101e+00 2.743910070645548593e+00
6.800000000000000000e+01 4.183293179191329147e-01 -1.528033585632916358e+00 2.750911342718594721e+00
6.900000000000000000e+01 8.745332176244584310e-02 -1.532155884554314396e+00 2.741268381157853984e+00
7.000000000000000000e+01 -2.983399269791648378e-01 -1.520645178266154085e+00 2.787025642194048469e+00
7.100000000000000000e+01 3.359375536479659030e-01 -1.551955541651566906e+00 2.847873334215296204e+00
7.200000000000000000e+01 2.150809859927577949e-01 -1.563436580234664808e+00 2.817385452685040814e+00
7.300000000000000000e+01 3.564632449814112980e-01 -1.591470309958513241e+00 2.789395445857076439e+00
7.400000000000000000e+01 -9.416759083305153988e-02 -1.654005948309332563e+00 2.757803399288111912e+00
7.500000000000000000e+01 -3.320626212853129422e-01 -1.689442023733761289e+00 2.746245080457379029e+00
7.600000000000000000e+01 2.800357742719205567e-01 -1.701561627144381639e+00 2.716926992714687294e+00
7.700000000000000000e+01 -2.223450541825236493e-01 -1.651869578404546512e+00 2.724912614980544934e+00
7.800000000000000000e+01 2.771745939044942819e-01 -1.577334967730252391e+00 2.738355379814445101e+00
7.900000000000000000e+01 1.273039573803073921e-01 -1.513371648809753944e+00 2.718752147936327024e+00
8.000000000000000000e+01 1.481318250567987584e-02 -1.499172583656286584e+00 2.731982529931907600e+00
8.100000000000000000e+01 5.803310812816901976e-01 -1.502561736100834544e+00 2.717672438070179108e+00
8.200000000000000000e+01 3.449276376371041564e-01 -1.475966536070860702e+00 2.626270478101575545e+00
8.300000000000000000e+01 -4.658822849284673939e-01 -1.471049862162495447e+00 2.593485524459974378e+00
8.400000000000000000e+01 -7.611264721993827864e-01 -1.527984281215821749e+00 2.658038144548492632e+00
8.500000000000000000e+01 -8.935775752435931585e-01 -1.599174143684555904e+00 2.750239778399331758e+00
8.600000000000000000e+01 -7.346814319344060484e-01 -1.633974849413772468e+00 2.879589662420653173e+00
8.700000000000000000e+01 5.697577790419496718e-02 -1.639921990481886027e+00 2.928025535299888737e+00
8.800000000000000000e+01 3.598043284607080339e-01 -1.683523155685410000e+00 2.945740125698411482e+00
8.900000000000000000e+01 7.241591252443341231e-01 -1.725234333219057614e+00 2.870588654021859920e+00
9.000000000000000000e+01 3.747447489548558219e-01 -1.747857978568871706e+00 2.756849106042507991e+00
9.100000000000000000e+01 1.776890102737501143e-01 -1.713410462517703126e+00 2.692974502423839844e+00
9.200000000000000000e+01 1.375217147520876315e-01 -1.653797648510304752e+00 2.653332108126089217e+00
9.300000000000000000e+01 -1.488923825629562270e-01 -1.566447418633181154e+00 2.602902472786719823e+00
9.400000000000000000e+01 -6.184073668764341614e-01 -1.525005955196957030e+00 2.614491024129594443e+00
9.500000000000000000e+01 -4.376307914245285424e-01 -1.540277059189348430e+00 2.705467122837156069e+00
9.600000000000000000e+01 -3.315497071769263858e-03 -1.556876998901450149e+00 2.767854173602095180e+00
9.700000000000000000e+01 4.729059559646708183e-02 -1.610973738224271035e+00 2.785771892072807621e+00
9.800000000000000000e+01 -9.562799951189050740e-02 -1.650044194242998641e+00 2.780823479771425966e+00
9.900000000000000000e+01 8.902614193866678627e-02 -1.643730126390945179e+00 2.790862875958042277e+00
1.000000000000000000e+02 1.785548256334483219e-01 -1.600582892911058819e+00 2.806332938714204861e+00
