9.999999466754483021e-03 6.835523612220490541e+00
2.999999840026214282e-02 2.851668152285364854e+00
4.999999733376980782e-02 2.195239184137925736e+00
6.999999626727745894e-02 1.857477525578208555e+00
8.999999520078513782e-02 1.637816516474122297e+00
1.099999941342927889e-01 1.485735257220038186e+00
1.299999930678004678e-01 1.364415956774902794e+00
1.499999920013081467e-01 1.273661919800468834e+00
1.699999909348157701e-01 1.200610463268309003e+00
1.899999898683234489e-01 1.143860877951509813e+00
2.099999888018311278e-01 1.089799462257426077e+00
2.299999877353387512e-01 1.047563608717373640e+00
2.499999866688464301e-01 1.010251099098303795e+00
2.699999856023541089e-01 9.712428372449487535e-01
2.899999845358617323e-01 9.394139552376272739e-01
3.099999834693694112e-01 9.112000951287028139e-01
3.299999824028770901e-01 8.810103409401103258e-01
3.499999813363847689e-01 8.594274979160445582e-01
3.699999802698923923e-01 8.422434779109682079e-01
3.899999792034000712e-01 8.232087335869266997e-01
4.099999781369076945e-01 8.055895996517876689e-01
4.299999770704153734e-01 7.845282972973175450e-01
4.499999760039230523e-01 7.730544025662138274e-01
4.699999749374307312e-01 7.562429116108485561e-01
4.899999738709383545e-01 7.447064319993933479e-01
5.099999728044459779e-01 7.305592688075622787e-01
5.299999717379537678e-01 7.135302208871657781e-01
5.499999706714613357e-01 6.993085518853925375e-01
5.699999696049690145e-01 6.866574653572015130e-01
5.899999685384766934e-01 6.739318730190682061e-01
6.099999674719842613e-01 6.637066956625963243e-01
6.299999664054920512e-01 6.525040020796822882e-01
6.499999653389996190e-01 6.450862036418336665e-01
6.699999642725074089e-01 6.382078272679668762e-01
6.899999632060149768e-01 6.240129803577727508e-01
7.099999621395226557e-01 6.139993995015368133e-01
7.299999610730303345e-01 6.012261234450405611e-01
7.499999600065379024e-01 5.934924203730368442e-01
7.699999589400456923e-01 5.872905567534454363e-01
7.899999578735532602e-01 5.767256329036368756e-01
8.099999568070610501e-01 5.695551937547964627e-01
8.299999557405686179e-01 5.591392815248724668e-01
8.499999546740761858e-01 5.473912054131813143e-01
8.699999536075839757e-01 5.359083699848845583e-01
8.899999525410915435e-01 5.234390776329524986e-01
9.099999514745993334e-01 5.135953700233848451e-01
9.299999504081069013e-01 5.037069589278517778e-01
9.499999493416145802e-01 4.874140284096845077e-01
9.699999482751222590e-01 4.821032542770021800e-01
9.899999472086298269e-01 4.920184874641144179e-01
