9.999999046819458767e-03 7.199049682172392828e+00
2.999999714045474900e-02 2.981388853058899002e+00
4.999999523409004443e-02 2.285275081071491687e+00
6.999999332772532945e-02 1.925566976029744692e+00
8.999999142136061447e-02 1.694610876439733183e+00
1.099999895149958995e-01 1.531282213258007951e+00
1.299999876086311845e-01 1.408669486803323156e+00
1.499999857022664695e-01 1.308232670551090937e+00
1.699999837959017546e-01 1.231065509837193872e+00
1.899999818895370396e-01 1.160657516485098073e+00
2.099999799831723246e-01 1.107129560142368074e+00
2.299999780768076096e-01 1.051494579405990448e+00
2.499999761704429502e-01 1.009941197340031627e+00
2.699999742640782352e-01 9.716511698865829549e-01
2.899999723577135202e-01 9.351850447371122810e-01
3.099999704513488052e-01 8.994520567882602347e-01
3.299999685449840903e-01 8.714259501434724609e-01
3.499999666386193753e-01 8.478374097251936137e-01
3.699999647322546603e-01 8.226455042096267878e-01
3.899999628258899453e-01 8.002848195907579232e-01
4.099999609195252304e-01 7.785619047317768882e-01
4.299999590131605154e-01 7.583142049716017352e-01
4.499999571067958004e-01 7.423371784166562515e-01
4.699999552004311409e-01 7.240206693312813968e-01
4.899999532940664260e-01 7.088423450924571378e-01
5.099999513877017110e-01 6.943464941013631764e-01
5.299999494813369960e-01 6.796807698564673039e-01
5.499999475749721700e-01 6.641239560872423953e-01
5.699999456686075661e-01 6.552130608439505899e-01
5.899999437622427401e-01 6.388068808057162373e-01
6.099999418558781361e-01 6.294519309165214072e-01
6.299999399495133101e-01 6.180525415166582270e-01
6.499999380431487062e-01 6.064713579329018556e-01
6.699999361367838802e-01 5.974531743187878607e-01
6.899999342304192762e-01 5.871534907198526776e-01
7.099999323240544502e-01 5.777508571102923929e-01
7.299999304176898463e-01 5.693317002332692889e-01
7.499999285113250203e-01 5.630225479824169099e-01
7.699999266049604163e-01 5.541295341342622471e-01
7.899999246985955903e-01 5.460709853925027613e-01
8.099999227922309863e-01 5.381614482768853902e-01
8.299999208858661603e-01 5.320638925351546256e-01
8.499999189795015564e-01 5.225658914848634318e-01
8.699999170731367304e-01 5.174816148008983818e-01
8.899999151667721264e-01 5.096078404755549629e-01
9.099999132604073004e-01 5.023181917246882788e-01
9.299999113540426965e-01 4.969358917884391103e-01
9.499999094476779815e-01 4.880518186378529633e-01
9.699999075413132665e-01 4.834592803201564482e-01
9.899999056349486626e-01 4.733771536953886305e-01
