9.999998677182020054e-03 7.421592859679286391e+00
2.999999603154519454e-02 3.108683639715132951e+00
4.999999338590836728e-02 2.394533474101930182e+00
6.999999074027153656e-02 2.017951278596025855e+00
8.999998809463470584e-02 1.766613359491954638e+00
1.099999854489978890e-01 1.602459165833671095e+00
1.299999828033610583e-01 1.474124388191416779e+00
1.499999801577242553e-01 1.361328543497625443e+00
1.699999775120873968e-01 1.274243165728726979e+00
1.899999748664505939e-01 1.197499195196338961e+00
2.099999722208137354e-01 1.133442074982632830e+00
2.299999695751769324e-01 1.081463837630476599e+00
2.499999669295401017e-01 1.030284302623964310e+00
2.699999642839032710e-01 9.868205899042894469e-01
2.899999616382664680e-01 9.477646412488219818e-01
3.099999589926296095e-01 9.136052148093737335e-01
3.299999563469928066e-01 8.798332186122155285e-01
3.499999537013559481e-01 8.491308620270475727e-01
3.699999510557191451e-01 8.210898531831487546e-01
3.899999484100823421e-01 7.950098374117641198e-01
4.099999457644454837e-01 7.698626344545085320e-01
4.299999431188086252e-01 7.469029222498749787e-01
4.499999404731718222e-01 7.250727182131486703e-01
4.699999378275350193e-01 7.042498328063763191e-01
4.899999351818982163e-01 6.865681125947861174e-01
5.099999325362613023e-01 6.713480645380541789e-01
5.299999298906244993e-01 6.531239419872579832e-01
5.499999272449876964e-01 6.356657392231428449e-01
5.699999245993508934e-01 6.200850830178178397e-01
5.899999219537139794e-01 6.028325163053798175e-01
6.099999193080771764e-01 5.872518601000548122e-01
6.299999166624403735e-01 5.747766062983159507e-01
6.499999140168035705e-01 5.658508095624803502e-01
6.699999113711667675e-01 5.571336291109548755e-01
6.899999087255299646e-01 5.468071230376091441e-01
7.099999060798930506e-01 5.437255624950869670e-01
7.299999034342562476e-01 5.354345553100804400e-01
7.499999007886194446e-01 5.264074306647228418e-01
7.699998981429825307e-01 5.200178118995704146e-01
7.899998954973457277e-01 5.132228814963299968e-01
8.099998928517089247e-01 5.055249406052905181e-01
8.299998902060721218e-01 4.932434019246967338e-01
8.499998875604353188e-01 4.846305296153261555e-01
8.699998849147985158e-01 4.771918689633576904e-01
8.899998822691616018e-01 4.674167059271170377e-01
9.099998796235247989e-01 4.646152872520968868e-01
9.299998769778879959e-01 4.537046555826831917e-01
9.499998743322511929e-01 4.424304355320434756e-01
9.699998716866142789e-01 4.326046085410418240e-01
9.899998690409774760e-01 4.348308423178929849e-01
