9.999995965681591353e-03 7.108548171191459097e+00
2.999998789695458232e-02 2.942932839355176800e+00
4.999997982822756981e-02 2.261806446857731689e+00
6.999997175950056771e-02 1.911310132549809415e+00
8.999996369077355174e-02 1.674465020518389746e+00
1.099999556220465358e-01 1.516932861055071413e+00
1.299999475533195337e-01 1.390588844552907100e+00
1.499999394845925316e-01 1.293036863325248698e+00
1.699999314158655295e-01 1.213720930523705777e+00
1.899999233471385274e-01 1.147804127273366781e+00
2.099999152784114975e-01 1.087508044292950116e+00
2.299999072096844954e-01 1.041481319028539243e+00
2.499998991409574656e-01 9.998176555219049355e-01
2.699998910722304357e-01 9.545240676840057725e-01
2.899998830035034336e-01 9.245458994999402602e-01
3.099998749347764315e-01 8.921954654967559906e-01
3.299998668660494294e-01 8.651260051512080773e-01
3.499998587973224273e-01 8.391592311788685921e-01
3.699998507285954252e-01 8.150402019400135867e-01
3.899998426598684231e-01 7.968071337473391358e-01
4.099998345911414210e-01 7.769498383292630095e-01
4.299998265224143634e-01 7.601383414879950839e-01
4.499998184536873613e-01 7.419171942290850863e-01
4.699998103849603592e-01 7.270666909920636689e-01
4.899998023162333571e-01 7.112058886185079754e-01
5.099997942475062995e-01 6.968292424986221034e-01
5.299997861787792974e-01 6.817462810531945694e-01
5.499997781100522953e-01 6.718638269624935822e-01
5.699997700413252932e-01 6.596627512546137106e-01
5.899997619725982911e-01 6.459715588261817354e-01
6.099997539038712890e-01 6.378772448001431838e-01
6.299997458351442869e-01 6.259026668337871468e-01
6.499997377664172848e-01 6.132873386775937741e-01
6.699997296976902827e-01 6.084444593357997144e-01
6.899997216289632807e-01 5.989613565262067452e-01
7.099997135602362786e-01 5.940558922821495003e-01
7.299997054915092765e-01 5.871298297650237030e-01
7.499996974227822744e-01 5.783053585459145829e-01
7.699996893540552723e-01 5.717041414738691651e-01
7.899996812853282702e-01 5.632045156998405355e-01
8.099996732166012681e-01 5.541535467392075809e-01
8.299996651478741549e-01 5.466999829030063651e-01
8.499996570791471528e-01 5.399288925248180160e-01
8.699996490104201508e-01 5.336584813647350378e-01
8.899996409416931487e-01 5.303534024785506729e-01
9.099996328729661466e-01 5.242737262586985025e-01
9.299996248042391445e-01 5.210818962432760548e-01
9.499996167355121424e-01 5.154105120048551036e-01
9.699996086667851403e-01 5.080791377397391173e-01
9.899996005980581382e-01 4.968049146320425713e-01
