9.999999399860400734e-03 7.076532073326584182e+00
2.999999819958118485e-02 2.932816919860667948e+00
4.999999699930196551e-02 2.246174351072266706e+00
6.999999579902274616e-02 1.895424837377135407e+00
8.999999459874352681e-02 1.669651370115111888e+00
1.099999933984643075e-01 1.507997603318292024e+00
1.299999921981850881e-01 1.385715686990717233e+00
1.499999909979058410e-01 1.290440636831660992e+00
1.699999897976266494e-01 1.211431695208002424e+00
1.899999885973474023e-01 1.141446897344912559e+00
2.099999873970682107e-01 1.090645855554075450e+00
2.299999861967889636e-01 1.039436521922023626e+00
2.499999849965097720e-01 9.950876833153448064e-01
2.699999837962305804e-01 9.586573222422958285e-01
2.899999825959512778e-01 9.247303564000518561e-01
3.099999813956720862e-01 8.964419902919544825e-01
3.299999801953928946e-01 8.679420276822058522e-01
3.499999789951137030e-01 8.449882776016575114e-01
3.699999777948344004e-01 8.217543856738522834e-01
3.899999765945552088e-01 7.979393484246103396e-01
4.099999753942760172e-01 7.826328747276878328e-01
4.299999741939968256e-01 7.578880049641467664e-01
4.499999729937175230e-01 7.419288603677645089e-01
4.699999717934383314e-01 7.295459946725322276e-01
4.899999705931591398e-01 7.131874989321881353e-01
5.099999693928799482e-01 6.985962810154957570e-01
5.299999681926006456e-01 6.874502117735779017e-01
5.499999669923214540e-01 6.751150297970277547e-01
5.699999657920422624e-01 6.623626152820100144e-01
5.899999645917630708e-01 6.503075751527165327e-01
6.099999633914837682e-01 6.424039987811748231e-01
6.299999621912045766e-01 6.297469517035211295e-01
6.499999609909253850e-01 6.216079369709870406e-01
6.699999597906461934e-01 6.091356643032259655e-01
6.899999585903668908e-01 6.033361320185276488e-01
7.099999573900876992e-01 5.940884708266369607e-01
7.299999561898085076e-01 5.870044583699421947e-01
7.499999549895293161e-01 5.818099132660216055e-01
7.699999537892500134e-01 5.730986939093034582e-01
7.899999525889708218e-01 5.621999839580485991e-01
8.099999513886916302e-01 5.567610597958827512e-01
8.299999501884124387e-01 5.508214565875559909e-01
8.499999489881331360e-01 5.456328719484707657e-01
8.699999477878539444e-01 5.373716676868139919e-01
8.899999465875747529e-01 5.343556724801774571e-01
9.099999453872955613e-01 5.269497949223791444e-01
9.299999441870162586e-01 5.212217882157036408e-01
9.499999429867370671e-01 5.147964071233039896e-01
9.699999417864578755e-01 5.092770166858623382e-01
9.899999405861786839e-01 5.041122739061181246e-01
