9.999999733797530418e-03 6.885177080337673949e+00
2.999999920138210485e-02 2.869200782862271204e+00
4.999999866896667755e-02 2.208536922119982648e+00
6.999999813655126413e-02 1.865756561356110899e+00
8.999999760413583683e-02 1.649114533456059517e+00
1.099999970717204234e-01 1.489040295185970919e+00
1.299999965393049961e-01 1.368171013060561325e+00
1.499999960068895688e-01 1.274657283383043405e+00
1.699999954744741415e-01 1.194381745662550731e+00
1.899999949420587142e-01 1.131644875134109496e+00
2.099999944096432869e-01 1.078814296831051234e+00
2.299999938772278596e-01 1.032063392456928463e+00
2.499999933448124323e-01 9.888589645413513596e-01
2.699999928123970050e-01 9.530186906838131744e-01
2.899999922799815777e-01 9.204656130731455610e-01
3.099999917475661504e-01 8.897423981057948073e-01
3.299999912151507231e-01 8.641302815639951840e-01
3.499999906827352958e-01 8.408099636748187500e-01
3.699999901503198685e-01 8.181810596834427907e-01
3.899999896179044412e-01 7.979959461929134745e-01
4.099999890854890139e-01 7.814288347365644372e-01
4.299999885530735866e-01 7.633149827071185056e-01
4.499999880206581593e-01 7.482737501976394201e-01
4.699999874882427875e-01 7.329583363148947095e-01
4.899999869558273602e-01 7.218569709299512693e-01
5.099999864234119329e-01 7.079959104184420093e-01
5.299999858909965056e-01 6.967127508620941656e-01
5.499999853585810783e-01 6.860733214864571661e-01
5.699999848261656510e-01 6.747782410008368315e-01
5.899999842937502237e-01 6.636142907372132305e-01
6.099999837613347964e-01 6.529122764828959591e-01
6.299999832289193691e-01 6.417185238960912974e-01
6.499999826965039418e-01 6.302923131884743402e-01
6.699999821640885145e-01 6.259501147009944866e-01
6.899999816316730872e-01 6.176293060688435865e-01
7.099999810992576599e-01 6.087660951547975152e-01
7.299999805668422326e-01 6.019026201262003273e-01
7.499999800344268053e-01 5.954027334404119465e-01
7.699999795020113780e-01 5.904674687216290296e-01
7.899999789695959507e-01 5.858510888608834399e-01
8.099999784371805234e-01 5.780905639045365030e-01
8.299999779047650961e-01 5.735397491547892246e-01
8.499999773723496688e-01 5.670249613074103134e-01
8.699999768399342415e-01 5.629062802437883040e-01
8.899999763075188142e-01 5.570948272234823584e-01
9.099999757751033869e-01 5.556196122260200765e-01
9.299999752426879596e-01 5.495250371354941654e-01
9.499999747102725323e-01 5.394637728295695878e-01
9.699999741778572160e-01 5.346715592620557844e-01
9.899999736454416777e-01 5.344033383534262382e-01
