9.999999840605795776e-03 6.914377322735863807e+00
2.999999952181656854e-02 2.877086446844926204e+00
4.999999920302734130e-02 2.227580582839198353e+00
6.999999888423812100e-02 1.894438296950476497e+00
8.999999856544889376e-02 1.681339767552824105e+00
1.099999982466596665e-01 1.526623988643256435e+00
1.299999979278704254e-01 1.410138629501996643e+00
1.499999976090812259e-01 1.315993091578637975e+00
1.699999972902919709e-01 1.244863887602164487e+00
1.899999969715027714e-01 1.176422853147908842e+00
2.099999966527135165e-01 1.122322696455198221e+00
2.299999963339243170e-01 1.074627058945687885e+00
2.499999960151350620e-01 1.031276600109563235e+00
2.699999956963458070e-01 9.930372396443967187e-01
2.899999953775566075e-01 9.586483392930945646e-01
3.099999950587673525e-01 9.201795009418848315e-01
3.299999947399781530e-01 8.912682675327521231e-01
3.499999944211888980e-01 8.602023261806441834e-01
3.699999941023996985e-01 8.373350038480728008e-01
3.899999937836104436e-01 8.134096990538745020e-01
4.099999934648212441e-01 7.931530602040780531e-01
4.299999931460319891e-01 7.738858584733242507e-01
4.499999928272427896e-01 7.561415554408558171e-01
4.699999925084535346e-01 7.383555291563795864e-01
4.899999921896643351e-01 7.209688539982639366e-01
5.099999918708751911e-01 7.070928924733775878e-01
5.299999915520858806e-01 6.891518941100152063e-01
5.499999912332966812e-01 6.748885023879134248e-01
5.699999909145074817e-01 6.622225151712538560e-01
5.899999905957182822e-01 6.495207651671590643e-01
6.099999902769289717e-01 6.415665251950969372e-01
6.299999899581397722e-01 6.269604067600738073e-01
6.499999896393505727e-01 6.194114783789447243e-01
6.699999893205613732e-01 6.081909038211275043e-01
6.899999890017720627e-01 5.949974154897976764e-01
7.099999886829828633e-01 5.853951070634266785e-01
7.299999883641936638e-01 5.759298893222241089e-01
7.499999880454044643e-01 5.679786295824482689e-01
7.699999877266151538e-01 5.594998687280020588e-01
7.899999874078259543e-01 5.496352998604390194e-01
8.099999870890367548e-01 5.429059353580348857e-01
8.299999867702475553e-01 5.349099721339649616e-01
8.499999864514582448e-01 5.315750922056255989e-01
8.699999861326690453e-01 5.279839123006668800e-01
8.899999858138798459e-01 5.174309097749747455e-01
9.099999854950906464e-01 5.117923102893465748e-01
9.299999851763013359e-01 5.028039297139477171e-01
9.499999848575121364e-01 4.966586907396531858e-01
9.699999845387229369e-01 4.865139800371804379e-01
9.899999842199336264e-01 4.813075142330618394e-01
