9.999998565230767966e-03 7.052354036334310017e+00
2.999999569568798097e-02 2.911538303405080352e+00
4.999999282614518703e-02 2.244121158238018499e+00
6.999998995660240697e-02 1.893607053648856731e+00
8.999998708705962691e-02 1.677078249274122967e+00
1.099999842175168330e-01 1.518485167933520730e+00
1.299999813479740529e-01 1.404541932400395821e+00
1.499999784784312729e-01 1.311209985987849880e+00
1.699999756088884650e-01 1.235598503009508686e+00
1.899999727393457127e-01 1.167780328453711602e+00
2.099999698698029049e-01 1.110395948462857607e+00
2.299999670002600971e-01 1.061436686219816794e+00
2.499999641307173448e-01 1.020831016140596681e+00
2.699999612611745370e-01 9.784014436695610550e-01
2.899999583916317292e-01 9.449930354796117760e-01
3.099999555220889769e-01 9.124578354609074182e-01
3.299999526525461691e-01 8.817465378340182403e-01
3.499999497830034167e-01 8.509994774151327102e-01
3.699999469134606089e-01 8.296252487319644153e-01
3.899999440439178011e-01 8.052290641251023118e-01
4.099999411743750488e-01 7.860006029617166989e-01
4.299999383048322410e-01 7.697553546973622263e-01
4.499999354352894887e-01 7.529587633897302235e-01
4.699999325657466809e-01 7.368744476893595019e-01
4.899999296962038731e-01 7.217646680708900142e-01
5.099999268266610652e-01 7.116706200299124374e-01
5.299999239571182574e-01 6.941498321843538877e-01
5.499999210875754496e-01 6.850362806906103996e-01
5.699999182180326418e-01 6.704599627194202105e-01
5.899999153484898340e-01 6.568373192014667072e-01
6.099999124789471372e-01 6.436438291874697626e-01
6.299999096094043294e-01 6.311596345480676717e-01
6.499999067398615216e-01 6.210030016210964510e-01
6.699999038703187138e-01 6.074041999644739231e-01
6.899999010007760170e-01 6.001592543525411383e-01
7.099998981312332091e-01 5.906463516815048109e-01
7.299998952616904013e-01 5.831629874562628268e-01
7.499998923921475935e-01 5.737216103692190927e-01
7.699998895226047857e-01 5.639792297828726264e-01
7.899998866530619779e-01 5.559236608856885642e-01
8.099998837835192811e-01 5.481065106018138122e-01
8.299998809139764733e-01 5.375833090568796768e-01
8.499998780444336655e-01 5.270809691406102004e-01
8.699998751748908576e-01 5.189479141941006901e-01
8.899998723053480498e-01 5.100727813136662903e-01
9.099998694358053530e-01 5.006314042266226672e-01
9.299998665662625452e-01 4.878879293452468291e-01
9.499998636967197374e-01 4.765779463763924473e-01
9.699998608271769296e-01 4.623950191171624646e-01
9.899998579576341218e-01 4.619807667765377657e-01
