9.999998816651286052e-03 7.192257897794666732e+00
2.999999644995322151e-02 2.976158613482575266e+00
4.999999408325515871e-02 2.276185424267037849e+00
6.999999171655708896e-02 1.916450488852685430e+00
8.999998934985901922e-02 1.687595447923795344e+00
1.099999869831609633e-01 1.521533907696441812e+00
1.299999846164628936e-01 1.400590108670823897e+00
1.499999822497647961e-01 1.302954708742819712e+00
1.699999798830667541e-01 1.215833569397398506e+00
1.899999775163686566e-01 1.151278751234323439e+00
2.099999751496706146e-01 1.096108685501677504e+00
2.299999727829725449e-01 1.044517879111345193e+00
2.499999704162744751e-01 9.997518053553989814e-01
2.699999680495764331e-01 9.583444537300001009e-01
2.899999656828783356e-01 9.276480580382189256e-01
3.099999633161802937e-01 8.953870402359342950e-01
3.299999609494822517e-01 8.677245213222340992e-01
3.499999585827842097e-01 8.400500814781680647e-01
3.699999562160861122e-01 8.161039126059872473e-01
3.899999538493880147e-01 7.987857810171581363e-01
4.099999514826899727e-01 7.783264842769563874e-01
4.299999491159919307e-01 7.567019165935034986e-01
4.499999467492938332e-01 7.407695931596915973e-01
4.699999443825957912e-01 7.232219836613219544e-01
4.899999420158976937e-01 7.101536637478792491e-01
5.099999396491996517e-01 6.934792623987999782e-01
5.299999372825014987e-01 6.782860366476640701e-01
5.499999349158035677e-01 6.670386388475880723e-01
5.699999325491054147e-01 6.537140189312818928e-01
5.899999301824073727e-01 6.444097327808215869e-01
6.099999278157093308e-01 6.312818082155501331e-01
6.299999254490111777e-01 6.205172080952866542e-01
6.499999230823132468e-01 6.092727905278021439e-01
6.699999207156150938e-01 6.033659695315778393e-01
6.899999183489170518e-01 5.937040554701453754e-01
7.099999159822190098e-01 5.831182693053680310e-01
7.299999136155208568e-01 5.743057215324945952e-01
7.499999112488229258e-01 5.654782725966638335e-01
7.699999088821247728e-01 5.600125260239720015e-01
7.899999065154266198e-01 5.498886759108670974e-01
8.099999041487286888e-01 5.465835979669655398e-01
8.299999017820305358e-01 5.399704618465711592e-01
8.499998994153326048e-01 5.299717815023065048e-01
8.699998970486344518e-01 5.233437442189549094e-01
8.899998946819362988e-01 5.207658430273636174e-01
9.099998923152383679e-01 5.154640092472005941e-01
9.299998899485402148e-01 5.091697580140897017e-01
9.499998875818422839e-01 5.013585683919383751e-01
9.699998852151441309e-01 4.983544939397718809e-01
9.899998828484459779e-01 4.927158938767767227e-01
