9.999998719730323476e-03 7.150224766643801466e+00
2.999999615913981690e-02 2.960604808289823531e+00
4.999999359854931380e-02 2.271324686930044301e+00
6.999999103795880029e-02 1.916578657434625077e+00
8.999998847736830065e-02 1.692554571364621951e+00
1.099999859167777871e-01 1.523584322489925036e+00
1.299999833561872875e-01 1.401299417612655418e+00
1.499999807955967879e-01 1.305219698165923647e+00
1.699999782350062882e-01 1.223760999954517370e+00
1.899999756744157886e-01 1.160580068403578746e+00
2.099999731138252890e-01 1.095295092622688982e+00
2.299999705532347616e-01 1.050073042841842552e+00
2.499999679926442342e-01 1.002112159282915194e+00
2.699999654320537346e-01 9.657324596865799471e-01
2.899999628714632349e-01 9.274245495848928433e-01
3.099999603108727353e-01 8.964509919618312006e-01
3.299999577502822357e-01 8.667708552959916268e-01
3.499999551896917360e-01 8.436919338841770699e-01
3.699999526291012364e-01 8.193821764001673058e-01
3.899999500685107368e-01 7.976771422263235767e-01
4.099999475079202371e-01 7.789225383466038544e-01
4.299999449473296820e-01 7.607759019214309637e-01
4.499999423867391823e-01 7.419408317609623715e-01
4.699999398261486827e-01 7.289708593972979989e-01
4.899999372655581831e-01 7.098347857421763996e-01
5.099999347049676279e-01 6.970227657073893024e-01
5.299999321443771283e-01 6.805092967581557462e-01
5.499999295837865176e-01 6.718219186699017076e-01
5.699999270231961290e-01 6.570816881297628642e-01
5.899999244626055184e-01 6.485194798115625492e-01
6.099999219020151298e-01 6.371975760869391658e-01
6.299999193414245191e-01 6.275982468168649353e-01
6.499999167808341305e-01 6.171316698542754775e-01
6.699999142202435198e-01 6.033153114264381278e-01
6.899999116596531312e-01 5.966366101242845943e-01
7.099999090990625206e-01 5.845696482445793540e-01
7.299999065384721320e-01 5.767018341269153359e-01
7.499999039778815213e-01 5.684495700012289765e-01
7.699999014172911327e-01 5.606204989076292167e-01
7.899998988567005220e-01 5.503774393915642493e-01
8.099998962961100224e-01 5.451054078862053176e-01
8.299998937355195228e-01 5.337566820679989776e-01
8.499998911749289121e-01 5.264253098219937588e-01
8.699998886143385235e-01 5.208820771481850187e-01
8.899998860537479128e-01 5.144239130599357335e-01
9.099998834931575242e-01 5.087078268941479520e-01
9.299998809325669136e-01 5.029321360759536619e-01
9.499998783719765250e-01 4.992575092550901039e-01
9.699998758113859143e-01 4.926950370251294009e-01
9.899998732507955257e-01 4.874796299395566246e-01
