9.999999461173221874e-03 7.092070961672916063e+00
2.999999838350744449e-02 2.915313996999120416e+00
4.999999730584166191e-02 2.241233111983577775e+00
6.999999622817588973e-02 1.889333230732626268e+00
8.999999515051011756e-02 1.653403132837746758e+00
1.099999940728443315e-01 1.507940969657664887e+00
1.299999929951785593e-01 1.391205266574958799e+00
1.499999919175127872e-01 1.286432216343260659e+00
1.699999908398470150e-01 1.201367442968492183e+00
1.899999897621812428e-01 1.129663051440028765e+00
2.099999886845154706e-01 1.068919954676390338e+00
2.299999876068496985e-01 1.020574624694065680e+00
2.499999865291838985e-01 9.753972817522544858e-01
2.699999854515181541e-01 9.404063731514362701e-01
2.899999843738523264e-01 9.128958478729971571e-01
3.099999832961866097e-01 8.846939086779077588e-01
3.299999822185207821e-01 8.576155170973750463e-01
3.499999811408550654e-01 8.290648907115613087e-01
3.699999800631892377e-01 8.108407695895100131e-01
3.899999789855235210e-01 7.912040183101648472e-01
4.099999779078576934e-01 7.725358425606098089e-01
4.299999768301919767e-01 7.569730689711818838e-01
4.499999757525261490e-01 7.382959525244288113e-01
4.699999746748603768e-01 7.206559569526509446e-01
4.899999735971946047e-01 7.013470312372347415e-01
5.099999725195287770e-01 6.860703599581448042e-01
5.299999714418630603e-01 6.750435000805340424e-01
5.499999703641973436e-01 6.582856532989650455e-01
5.699999692865315160e-01 6.474525085273123981e-01
5.899999682088656883e-01 6.377905950886059161e-01
6.099999671311999716e-01 6.261885503579197598e-01
6.299999660535342549e-01 6.214350796809497979e-01
6.499999649758683162e-01 6.152719590790851623e-01
6.699999638982025996e-01 6.096840233302959211e-01
6.899999628205368829e-01 6.061882107258533825e-01
7.099999617428710552e-01 6.032854643688823071e-01
7.299999606652052275e-01 5.970299565626377980e-01
7.499999595875395109e-01 5.927086195835741256e-01
7.699999585098737942e-01 5.911827405951046721e-01
7.899999574322079665e-01 5.817264631919536466e-01
8.099999563545421388e-01 5.730390857478360189e-01
8.299999552768764222e-01 5.673021383790790573e-01
8.499999541992107055e-01 5.628198688504503222e-01
8.699999531215448778e-01 5.621731584197904308e-01
8.899999520438790501e-01 5.626261537444922078e-01
9.099999509662133335e-01 5.624771421245244873e-01
9.299999498885476168e-01 5.526185333474606942e-01
9.499999488108816781e-01 5.491227207430181556e-01
9.699999477332159614e-01 5.421370559989316940e-01
9.899999466555502448e-01 5.269587323890205788e-01
