9.999999192418718846e-03 6.980109778483964966e+00
2.999999757725429692e-02 2.895418043315200141e+00
4.999999596208987152e-02 2.223494828498898013e+00
6.999999434692545652e-02 1.878619345744718450e+00
8.999999273176102765e-02 1.655021443509188117e+00
1.099999911165966127e-01 1.501348735938941470e+00
1.299999895014321838e-01 1.378056518264185737e+00
1.499999878862677549e-01 1.284244760276127773e+00
1.699999862711033261e-01 1.206174590244512901e+00
1.899999846559388972e-01 1.144149991882245310e+00
2.099999830407744961e-01 1.083043305123647437e+00
2.299999814256100672e-01 1.040369356250434363e+00
2.499999798104456661e-01 9.990871759451233070e-01
2.699999781952812650e-01 9.594024002487964164e-01
2.899999765801168361e-01 9.261042627559260554e-01
3.099999749649524072e-01 8.977443704815006864e-01
3.299999733497879784e-01 8.713156688537575523e-01
3.499999717346235495e-01 8.453995672124794414e-01
3.699999701194591206e-01 8.216828771410338295e-01
3.899999685042946918e-01 8.013517311662409215e-01
4.099999668891303184e-01 7.816672956394881133e-01
4.299999652739658895e-01 7.670105123055638296e-01
4.499999636588014607e-01 7.466763860982914558e-01
4.699999620436370318e-01 7.317662830036141264e-01
4.899999604284726029e-01 7.183671577760167848e-01
5.099999588133081740e-01 7.037401767668869379e-01
5.299999571981437452e-01 6.884068806601280066e-01
5.499999555829793163e-01 6.768584798022677651e-01
5.699999539678148874e-01 6.684750858375810845e-01
5.899999523526504586e-01 6.575137907781720692e-01
6.099999507374860297e-01 6.444544120532317288e-01
6.299999491223216008e-01 6.358534611175453710e-01
6.499999475071571720e-01 6.252050904684783861e-01
6.699999458919927431e-01 6.164283058165045404e-01
6.899999442768283142e-01 6.061167014376152018e-01
7.099999426616638853e-01 5.995423085879533209e-01
7.299999410464994565e-01 5.920082808799093099e-01
7.499999394313350276e-01 5.839348310930851937e-01
7.699999378161705987e-01 5.784959068180929309e-01
7.899999362010061699e-01 5.724788174420878395e-01
8.099999345858417410e-01 5.654305676281937698e-01
8.299999329706774231e-01 5.628794886257864061e-01
8.499999313555129943e-01 5.537569970061967384e-01
8.699999297403485654e-01 5.482495273841772043e-01
8.899999281251841365e-01 5.414635380284744670e-01
9.099999265100197077e-01 5.407631833958043144e-01
9.299999248948552788e-01 5.305499266887366838e-01
9.499999232796908499e-01 5.270868965476183110e-01
9.699999216645264211e-01 5.230457013054871096e-01
9.899999200493619922e-01 5.196392955814782555e-01
