9.999999775484763945e-03 6.674674303184588986e+00
2.999999932645417561e-02 2.736193003097367349e+00
4.999999887742358207e-02 2.111274051383875694e+00
6.999999842839299546e-02 1.798591058104203722e+00
8.999999797936239498e-02 1.594466006791242618e+00
1.099999975303318084e-01 1.460248264672624474e+00
1.299999970813012218e-01 1.353821188804475106e+00
1.499999966322706491e-01 1.265910296251517408e+00
1.699999961832400208e-01 1.189544823650765304e+00
1.899999957342094481e-01 1.123118425789456865e+00
2.099999952851788754e-01 1.072230959169965692e+00
2.299999948361482471e-01 1.027762912936909911e+00
2.499999943871176744e-01 9.899437649778268788e-01
2.699999939380871017e-01 9.569764352123912854e-01
2.899999934890564735e-01 9.291947096588395461e-01
3.099999930400259007e-01 8.986115657379482036e-01
3.299999925909953280e-01 8.768350082803422207e-01
3.499999921419647553e-01 8.567720843985023871e-01
3.699999916929341270e-01 8.355468699174473102e-01
3.899999912439035543e-01 8.083522501281145134e-01
4.099999907948729261e-01 7.876277146744137259e-01
4.299999903458423534e-01 7.724523717738895900e-01
4.499999898968117806e-01 7.602065972298491792e-01
4.699999894477812079e-01 7.461399007470381761e-01
4.899999889987505797e-01 7.329046890775119394e-01
5.099999885497200625e-01 7.185846728487180757e-01
5.299999881006894897e-01 7.092148224796591682e-01
5.499999876516589170e-01 7.007599034284441863e-01
5.699999872026282333e-01 6.922185576403644403e-01
5.899999867535976605e-01 6.854623710033871387e-01
6.099999863045670878e-01 6.762892159665031544e-01
6.299999858555365151e-01 6.663769633178104890e-01
6.499999854065059424e-01 6.559610514094578182e-01
6.699999849574753696e-01 6.445348407494795318e-01
6.899999845084447969e-01 6.362110519197143876e-01
7.099999840594142242e-01 6.253302237716756862e-01
7.299999836103835404e-01 6.197124858754682331e-01
7.499999831613529677e-01 6.085455554260841282e-01
7.699999827123223950e-01 6.028950349745142434e-01
7.899999822632918223e-01 6.006360188868086203e-01
8.099999818142612495e-01 6.034821407387332970e-01
8.299999813652305658e-01 5.998164550027464959e-01
8.499999809161999931e-01 5.947560205477013806e-01
8.699999804671694204e-01 5.908817185503170144e-01
8.899999800181388476e-01 5.821317565008395922e-01
9.099999795691082749e-01 5.730748305238771989e-01
9.299999791200777022e-01 5.684346088239329298e-01
9.499999786710471295e-01 5.597889549051543456e-01
9.699999782220164457e-01 5.585640794275197329e-01
9.899999777729858730e-01 5.669385322064813826e-01
