9.999999661202066056e-03 6.807169548829401506e+00
2.999999898359225967e-02 2.817419266788860011e+00
4.999999830598245154e-02 2.167743517886962845e+00
6.999999762837263995e-02 1.833039584275300893e+00
8.999999695076282835e-02 1.621338780021780224e+00
1.099999962731530168e-01 1.471850325860358355e+00
1.299999955955432052e-01 1.359984324755830087e+00
1.499999949179334213e-01 1.267647786173626612e+00
1.699999942403235820e-01 1.195097010094965162e+00
1.899999935627137981e-01 1.133620777390782264e+00
2.099999928851039588e-01 1.084131039157038900e+00
2.299999922074941749e-01 1.034918462530891370e+00
2.499999915298843911e-01 9.980470280236124481e-01
2.699999908522745518e-01 9.636044828732226453e-01
2.899999901746647679e-01 9.315908270797219615e-01
3.099999894970549841e-01 9.036511488946477044e-01
3.299999888194451447e-01 8.718103465768519689e-01
3.499999881418353609e-01 8.518129875771880410e-01
3.699999874642255770e-01 8.343518062986440276e-01
3.899999867866157377e-01 8.100033080829578402e-01
4.099999861090058983e-01 7.914841443238056495e-01
4.299999854313961145e-01 7.740944886214153886e-01
4.499999847537863307e-01 7.544726388965589114e-01
4.699999840761764913e-01 7.394492876719231944e-01
4.899999833985667075e-01 7.276237257478298526e-01
5.099999827209569236e-01 7.182419543423242958e-01
5.299999820433470843e-01 7.038116693532970869e-01
5.499999813657372449e-01 6.908893819281790583e-01
5.699999806881275166e-01 6.798804036651747706e-01
5.899999800105175662e-01 6.700337160146696558e-01
6.099999793329078379e-01 6.605953201947090125e-01
6.299999786552981096e-01 6.502479535111274078e-01
6.499999779776881592e-01 6.401837088998211245e-01
6.699999773000784309e-01 6.271511528781326117e-01
6.899999766224687026e-01 6.224274846196427013e-01
7.099999759448587522e-01 6.151229351549368785e-01
7.299999752672490239e-01 6.087422577155507941e-01
7.499999745896391845e-01 6.003588641438586393e-01
7.699999739120293452e-01 5.957901679670352113e-01
7.899999732344196168e-01 5.887776812716239982e-01
8.099999725568097775e-01 5.833924014337116271e-01
8.299999718791999381e-01 5.772680239755433318e-01
8.499999712015902098e-01 5.700618221780489048e-01
8.699999705239802594e-01 5.627900552690802138e-01
8.899999698463705311e-01 5.580574463135711261e-01
9.099999691687608028e-01 5.514383502870057185e-01
9.299999684911508524e-01 5.504548736148910937e-01
9.499999678135411241e-01 5.472272819909513863e-01
9.699999671359313957e-01 5.438238566589668199e-01
9.899999664583214454e-01 5.372762862085552760e-01
