9.999999950918979710e-03 7.248383796031434123e+00
2.999999985274768438e-02 2.997314944674673409e+00
4.999999975457639079e-02 2.288997184545017660e+00
6.999999965640509025e-02 1.925495276365786435e+00
8.999999955823378972e-02 1.690509923649845536e+00
1.099999994600624892e-01 1.526433236939007898e+00
1.299999993618911887e-01 1.401039964877278887e+00
1.499999992637199020e-01 1.304143673622543353e+00
1.699999991655486153e-01 1.224386698057100764e+00
1.899999990673773009e-01 1.155987387609358930e+00
2.099999989692060143e-01 1.098859315543968984e+00
2.299999988710347276e-01 1.047179108037790796e+00
2.499999987728634410e-01 1.003819708983100467e+00
2.699999986746920988e-01 9.660869884228259208e-01
2.899999985765208121e-01 9.295761630864446401e-01
3.099999984783494700e-01 9.006172462801743661e-01
3.299999983801782388e-01 8.679539007829301100e-01
3.499999982820068967e-01 8.464068215908612247e-01
3.699999981838356100e-01 8.191496174012813380e-01
3.899999980856643234e-01 8.005917111593707780e-01
4.099999979874929812e-01 7.805913725068154285e-01
4.299999978893217500e-01 7.609605826536814943e-01
4.499999977911504079e-01 7.445901668857652922e-01
4.699999976929791767e-01 7.297098672445481160e-01
4.899999975948078346e-01 7.095038925665082541e-01
5.099999974966366034e-01 6.953924928466678201e-01
5.299999973984652613e-01 6.813049349848545599e-01
5.499999973002940301e-01 6.672143968907878753e-01
5.699999972021226879e-01 6.510466369161026501e-01
5.899999971039513458e-01 6.381750138136759176e-01
6.099999970057801146e-01 6.281048090294434338e-01
6.299999969076088835e-01 6.180554658709846994e-01
6.499999968094374303e-01 6.054610043681238896e-01
6.699999967112661992e-01 5.963921576210331477e-01
6.899999966130949680e-01 5.870789318291638192e-01
7.099999965149236258e-01 5.796670942149625416e-01
7.299999964167522837e-01 5.723178414780826229e-01
7.499999963185810525e-01 5.605399636126529028e-01
7.699999962204097104e-01 5.554586676206090257e-01
7.899999961222383682e-01 5.461305406674726859e-01
8.099999960240671371e-01 5.366772439596935174e-01
8.299999959258959059e-01 5.307048585238836047e-01
8.499999958277244527e-01 5.218416478022773752e-01
8.699999957295532216e-01 5.164295460301062679e-01
8.899999956313819904e-01 5.072146679025990590e-01
9.099999955332106483e-01 5.026102090710987680e-01
9.299999954350393061e-01 4.963874841260033643e-01
9.499999953368680750e-01 4.881829047323981152e-01
9.699999952386968438e-01 4.798293137261229746e-01
9.899999951405253906e-01 4.694938682713380440e-01
